GeoId|Geography|LEAID|Year|Iteration|CDP02_53est|CDP02_53moe|CDP02_54est|CDP02_54moe|CDP02_54pct|CDP02_54pctmoe|CDP02_55est|CDP02_55moe|CDP02_55pct|CDP02_55pctmoe|CDP02_56est|CDP02_56moe|CDP02_56pct|CDP02_56pctmoe|CDP02_57est|CDP02_57moe|CDP02_57pct|CDP02_57pctmoe|CDP02_58est|CDP02_58moe|CDP02_58pct|CDP02_58pctmoe|CDP02_59est|CDP02_59moe|CDP02_59pct|CDP02_59pctmoe|CDP02_60est|CDP02_60moe|CDP02_60pct|CDP02_60pctmoe|CDP02_61est|CDP02_61moe|CDP02_61pct|CDP02_61pctmoe|CDP02_62est|CDP02_62moe|CDP02_62pct|CDP02_62pctmoe|CDP02_63est|CDP02_63moe|CDP02_63pct|CDP02_63pctmoe|CDP02_64est|CDP02_64moe|CDP02_64pct|CDP02_64pctmoe
9700000US0900060|Ansonia School District, CT|0900060|2018-2022|101|2800|473|2345|474|83.8|7.3|455|208|16.3|7.3|185|147|6.6|5.1|365|186|13|6.7|135|124|4.8|4.4|60|82|2.1|2.8|45|78|1.6|2.7|25|42|0.9|1.5|0|21||1.4|0|21||1.4|0|21||1.4
9500000US0900090|Ashford School District, CT|0900090|2018-2022|101|795|177|795|177|100|4.9|4|5|0.5|0.8|0|13||4.9|4|5|0.5|0.8|0|13||4.9|0|13||4.9|0|13||4.9|0|13||4.9|0|13||4.9|0|13||4.9|0|13||4.9
9700000US0900120|Avon School District, CT|0900120|2018-2022|101|3535|290|2595|326|73.4|8.4|940|321|26.6|8.4|20|21|0.6|0.6|100|111|2.8|3.1|0|21||1.1|390|194|11|5.3|0|21||1.1|375|237|10.6|6.6|20|21|0.6|0.6|75|80|2.1|2.3|0|21||1.1
9500000US0900150|Barkhamsted School District, CT|0900150|2018-2022|101|585|117|520|113|88.9|9.6|65|57|11.1|9.6|0|13||6.6|25|39|4.3|6.4|0|13||6.6|40|47|6.8|8|0|13||6.6|0|13||6.6|0|13||6.6|0|13||6.6|0|13||6.6
9700000US0900210|Berlin School District, CT|0900210|2018-2022|101|3130|333|2775|358|88.7|6|355|187|11.3|6|15|26|0.5|0.8|35|59|1.1|1.9|0|25||1.3|310|174|9.9|5.6|15|26|0.5|0.8|0|25||1.3|0|25||1.3|10|18|0.3|0.6|0|25||1.3
9700000US0900270|Bethel School District, CT|0900270|2018-2022|101|3675|528|2950|598|80.3|7.6|725|252|19.7|7.6|40|39|1.1|1.2|210|84|5.7|2.5|10|17|0.3|0.5|425|246|11.6|6.9|30|35|0.8|1|90|60|2.4|1.7|0|25||1.1|0|25||1.1|0|25||1.1
9700000US0900330|Bloomfield School District, CT|0900330|2018-2022|101|2815|359|2460|348|87.4|6.5|355|194|12.6|6.5|30|49|1.1|1.8|230|162|8.2|5.5|30|49|1.1|1.8|55|73|2|2.6|0|25||1.4|0|25||1.4|0|25||1.4|70|87|2.5|3|0|25||1.4
9700000US0900360|Bolton School District, CT|0900360|2018-2022|101|765|124|700|130|91.5|8|60|60|7.8|7.9|0|13||5.1|0|13||5.1|0|13||5.1|35|40|4.6|5.3|0|13||5.1|0|13||5.1|0|13||5.1|25|45|3.3|6|0|13||5.1
9500000US0900390|Bozrah School District, CT|0900390|2018-2022|101|405|148|335|141|82.7|21|75|91|18.5|21.2|0|13||9.4|15|22|3.7|5.1|0|13||9.4|60|89|14.8|21.2|0|13||9.4|0|13||9.4|0|13||9.4|0|13||9.4|0|13||9.4
9700000US0900420|Branford School District, CT|0900420|2018-2022|101|3620|456|3120|468|86.2|6.3|500|232|13.8|6.3|50|44|1.4|1.3|195|126|5.4|3.4|10|16|0.3|0.4|175|98|4.8|2.8|25|34|0.7|1|130|145|3.6|3.9|10|18|0.3|0.5|4|5|0.1|0.3|4|5|0.1|0.3
9700000US0900450|Bridgeport School District, CT|0900450|2018-2022|101|23270|722|11325|873|48.7|3.6|11945|965|51.3|3.6|2155|541|9.3|2.4|8510|774|36.6|3|1515|404|6.5|1.8|2750|509|11.8|2.1|515|304|2.2|1.3|320|271|1.4|1.2|75|73|0.3|0.3|365|199|1.6|0.9|55|56|0.2|0.2
9700000US0900510|Bristol School District, CT|0900510|2018-2022|101|10585|843|8690|793|82.1|5|1895|575|17.9|5|170|193|1.6|1.8|1530|543|14.5|4.8|145|193|1.4|1.8|160|137|1.5|1.3|25|32|0.2|0.3|195|138|1.8|1.3|0|31||0.4|10|16|0.1|0.2|0|31||0.4
9700000US0900540|Brookfield School District, CT|0900540|2018-2022|101|3240|275|2825|287|87.2|5.8|415|196|12.8|5.8|30|28|0.9|0.9|85|117|2.6|3.6|0|21||1.2|220|140|6.8|4.2|0|21||1.2|110|65|3.4|2|30|28|0.9|0.9|0|21||1.2|0|21||1.2
9500000US0900570|Brooklyn School District, CT|0900570|2018-2022|101|1205|348|1155|350|95.9|5.3|50|62|4.1|5.3|30|52|2.5|4.4|30|52|2.5|4.4|30|52|2.5|4.4|20|33|1.7|2.9|0|19||3.3|0|19||3.3|0|19||3.3|0|19||3.3|0|19||3.3
9500000US0900660|Canterbury School District, CT|0900660|2018-2022|101|740|147|710|145|95.9|6|30|46|4.1|6|0|19||5.3|0|19||5.3|0|19||5.3|0|19||5.3|0|19||5.3|30|46|4.1|6|0|19||5.3|0|19||5.3|0|19||5.3
9700000US0900690|Canton School District, CT|0900690|2018-2022|101|1790|319|1740|305|97.2|4|50|73|2.8|4|0|21||2.2|50|74|2.8|4|0|21||2.2|0|21||2.2|0|21||2.2|4|9|0.2|0.5|0|21||2.2|0|21||2.2|0|21||2.2
9500000US0900720|Chaplin School District, CT|0900720|2018-2022|101|265|71|260|68|98.1|6.8|10|14|3.8|5.2|0|13||14|10|14|3.8|5.2|0|13||14|0|13||14|0|13||14|0|13||14|0|13||14|0|13||14|0|13||14
9700000US0900750|Cheshire School District, CT|0900750|2018-2022|101|5795|618|5210|634|89.9|4.7|590|273|10.2|4.7|70|63|1.2|1.1|95|63|1.6|1.1|20|29|0.3|0.5|190|117|3.3|2.1|0|25||0.7|275|246|4.7|4.1|50|54|0.9|0.9|30|35|0.5|0.6|0|25||0.7
9700000US0900810|Clinton School District, CT|0900810|2018-2022|101|1895|192|1685|233|88.9|5.8|210|104|11.1|5.8|25|32|1.3|1.7|30|28|1.6|1.6|15|24|0.8|1.3|70|64|3.7|3.4|10|20|0.5|1.1|115|86|6.1|4.7|0|21||2.1|0|21||2.1|0|21||2.1
9700000US0900840|Colchester School District, CT|0900840|2018-2022|101|2440|399|2310|373|94.7|4.1|130|105|5.3|4.1|50|59|2|2.4|45|53|1.8|2.2|35|52|1.4|2.1|50|78|2|3.1|0|21||1.6|35|39|1.4|1.6|15|26|0.6|1.1|0|21||1.6|0|21||1.6
9500000US0900870|Colebrook School District, CT|0900870|2018-2022|101|200|66|190|64|95|6.7|10|10|5|6.7|0|13||18|10|10|5|6.7|0|13||18|0|13||18|0|13||18|0|13||18|0|13||18|0|13||18|0|13||18
9500000US0900900|Columbia School District, CT|0900900|2018-2022|101|500|111|500|111|100|7.7|0|19||7.7|0|19||7.7|0|19||7.7|0|19||7.7|0|19||7.7|0|19||7.7|0|19||7.7|0|19||7.7|0|19||7.7|0|19||7.7
9700000US0900960|Coventry School District, CT|0900960|2018-2022|101|2040|315|2020|326|99|1.8|20|35|1|1.8|0|21||1.9|20|35|1|1.8|0|21||1.9|0|21||1.9|0|21||1.9|0|21||1.9|0|21||1.9|0|21||1.9|0|21||1.9
9700000US0900990|Cromwell School District, CT|0900990|2018-2022|101|2070|258|1755|264|84.8|10.1|315|218|15.2|10.1|10|17|0.5|0.9|20|24|1|1.1|10|17|0.5|0.9|260|212|12.6|9.9|0|21||1.9|35|44|1.7|2.1|0|21||1.9|0|21||1.9|0|21||1.9
9700000US0901020|Danbury School District, CT|0901020|2018-2022|101|13500|791|6830|775|50.6|5.2|6670|833|49.4|5.2|1305|397|9.7|2.9|4795|698|35.5|4.5|780|316|5.8|2.3|1680|497|12.4|3.6|435|233|3.2|1.7|185|133|1.4|1|90|127|0.7|0.9|10|14|0.1|0.1|0|31||0.3
9700000US0901050|Darien School District, CT|0901050|2018-2022|101|5485|449|5000|494|91.2|3|485|152|8.8|3|50|47|0.9|0.9|170|111|3.1|2.1|25|38|0.5|0.7|185|88|3.4|1.6|0|25||0.7|125|65|2.3|1.2|25|29|0.5|0.5|0|25||0.7|0|25||0.7
9700000US0901110|Derby School District, CT|0901110|2018-2022|101|1705|404|1180|320|69.2|15.5|530|326|31.1|15.5|235|278|13.8|14.8|405|297|23.8|14.6|235|278|13.8|14.8|85|92|5|5.3|0|21||2.3|25|41|1.5|2.4|0|21||2.3|15|24|0.9|1.4|0|21||2.3
9700000US0901170|East Granby School District, CT|0901170|2018-2022|101|985|230|945|227|95.9|4.7|40|48|4.1|4.7|15|23|1.5|2.3|0|19||4|0|19||4|25|44|2.5|4.5|15|23|1.5|2.3|10|19|1|2|0|19||4|0|19||4|0|19||4
9700000US0901200|East Haddam School District, CT|0901200|2018-2022|101|1230|250|1165|261|94.7|6.5|65|79|5.3|6.5|0|19||3.2|10|19|0.8|1.7|0|19||3.2|60|82|4.9|6.7|0|19||3.2|0|19||3.2|0|19||3.2|0|19||3.2|0|19||3.2
9700000US0901230|East Hampton School District, CT|0901230|2018-2022|101|1995|287|1935|270|97|3.5|60|73|3|3.5|0|21||2|0|21||2|0|21||2|60|73|3|3.5|0|21||2|0|21||2|0|21||2|0|21||2|0|21||2
9700000US0901260|East Hartford School District, CT|0901260|2018-2022|101|8190|638|5640|717|68.9|5.9|2550|477|31.1|5.9|180|113|2.2|1.3|1980|526|24.2|6.4|120|86|1.5|1|165|144|2|1.8|25|37|0.3|0.4|140|108|1.7|1.3|0|31||0.5|265|180|3.2|2.2|35|70|0.4|0.8
9700000US0901290|East Haven School District, CT|0901290|2018-2022|101|3820|485|3030|532|79.3|8.6|790|338|20.7|8.6|45|45|1.2|1.2|575|283|15.1|7.1|35|44|0.9|1.2|200|144|5.2|3.9|0|25||1|15|12|0.4|0.4|4|10|0.1|0.3|0|25||1|0|25||1
9700000US0901320|East Lyme School District, CT|0901320|2018-2022|101|2745|334|2435|310|88.7|5.1|315|151|11.5|5.1|55|50|2|1.8|45|40|1.6|1.5|25|35|0.9|1.3|130|102|4.7|3.6|0|21||1.4|130|101|4.7|3.6|30|36|1.1|1.4|10|15|0.4|0.6|0|21||1.4
9700000US0901350|East Windsor School District, CT|0901350|2018-2022|101|1220|333|1145|301|93.9|9.3|75|119|6.1|9.3|0|21||3.2|75|119|6.1|9.3|0|21||3.2|0|21||3.2|0|21||3.2|0|21||3.2|0|21||3.2|0|21||3.2|0|21||3.2
9500000US0901380|Eastford School District, CT|0901380|2018-2022|101|250|80|250|80|100|14.7|0|13||14.7|0|13||14.7|0|13||14.7|0|13||14.7|0|13||14.7|0|13||14.7|0|13||14.7|0|13||14.7|0|13||14.7|0|13||14.7
9500000US0901410|Easton School District, CT|0901410|2018-2022|101|1580|231|1420|180|89.9|7.5|160|130|10.1|7.5|10|10|0.6|0.7|30|31|1.9|1.9|4|8|0.3|0.5|110|121|7|7.2|4|7|0.3|0.4|20|31|1.3|2|0|19||2.5|0|19||2.5|0|19||2.5
9700000US0901440|Ellington School District, CT|0901440|2018-2022|101|2880|390|2655|407|92.2|8.1|225|236|7.8|8.1|0|21||1.4|155|231|5.4|7.9|0|21||1.4|70|54|2.4|1.9|0|21||1.4|0|21||1.4|0|21||1.4|0|21||1.4|0|21||1.4
9700000US0901470|Enfield School District, CT|0901470|2018-2022|101|5595|454|5065|494|90.5|4.1|530|224|9.5|4.1|90|68|1.6|1.2|275|161|4.9|2.9|25|25|0.4|0.5|150|121|2.7|2.2|65|64|1.2|1.1|35|48|0.6|0.9|0|28||0.7|70|70|1.3|1.3|0|28||0.7
9500000US0901500|Essex School District, CT|0901500|2018-2022|101|835|215|810|210|97|4.3|20|36|2.4|4.2|0|19||4.7|4|4|0.5|1.4|0|19||4.7|0|19||4.7|0|19||4.7|0|19||4.7|0|19||4.7|20|36|2.4|4.2|0|19||4.7
9700000US0901530|Fairfield School District, CT|0901530|2018-2022|101|12020|823|10645|849|88.6|2.5|1370|295|11.4|2.5|300|178|2.5|1.5|290|91|2.4|0.8|40|32|0.3|0.3|735|198|6.1|1.7|145|124|1.2|1|75|50|0.6|0.4|15|17|0.1|0.2|270|185|2.2|1.5|105|124|0.9|1
9700000US0901560|Farmington School District, CT|0901560|2018-2022|101|4210|407|3140|429|74.6|5.4|1070|220|25.4|5.4|85|54|2|1.3|155|83|3.7|2|15|19|0.4|0.4|325|146|7.7|3.6|30|31|0.7|0.8|585|176|13.9|4.2|40|49|1|1.2|10|13|0.2|0.3|0|25||0.9
9500000US0901590|Franklin School District, CT|0901590|2018-2022|101|320|81|320|81|100|11.7|0|13||11.7|0|13||11.7|0|13||11.7|0|13||11.7|0|13||11.7|0|13||11.7|0|13||11.7|0|13||11.7|0|13||11.7|0|13||11.7
9700000US0901620|Glastonbury School District, CT|0901620|2018-2022|101|5840|497|4695|481|80.4|5.4|1145|337|19.6|5.4|210|154|3.6|2.6|385|284|6.6|4.7|60|62|1|1.1|210|107|3.6|1.8|0|28||0.7|510|188|8.7|3.2|145|137|2.5|2.4|40|67|0.7|1.1|0|28||0.7
9700000US0901680|Granby School District, CT|0901680|2018-2022|101|1565|200|1455|196|93|5.1|105|82|6.7|5.1|35|61|2.2|3.9|30|34|1.9|2.2|20|30|1.3|1.9|80|59|5.1|3.7|20|31|1.3|2|0|21||2.5|0|21||2.5|0|21||2.5|0|21||2.5
9700000US0901710|Greenwich School District, CT|0901710|2018-2022|101|13360|693|10210|710|76.4|3.2|3150|437|23.6|3.2|290|139|2.2|1.1|1480|311|11.1|2.3|125|100|0.9|0.8|985|325|7.4|2.4|25|20|0.2|0.2|645|165|4.8|1.2|145|109|1.1|0.8|40|33|0.3|0.2|0|31||0.3
9700000US0901740|Griswold School District, CT|0901740|2018-2022|101|1835|324|1835|324|100|2.2|0|21||2.2|0|21||2.2|0|21||2.2|0|21||2.2|0|21||2.2|0|21||2.2|0|21||2.2|0|21||2.2|0|21||2.2|0|21||2.2
9700000US0901770|Groton School District, CT|0901770|2018-2022|101|5060|524|4465|536|88.2|4.4|595|223|11.8|4.4|90|76|1.8|1.5|340|181|6.7|3.5|60|69|1.2|1.3|150|98|3|1.9|10|13|0.2|0.3|105|81|2.1|1.6|25|27|0.5|0.6|0|28||0.8|0|28||0.8
9700000US0901800|Guilford School District, CT|0901800|2018-2022|101|4190|370|3940|404|94|3.4|250|138|6|3.4|0|25||0.9|40|45|1|1.1|0|25||0.9|65|69|1.6|1.7|0|25||0.9|65|64|1.6|1.6|0|25||0.9|75|92|1.8|2.2|0|25||0.9
9700000US0901860|Hamden School District, CT|0901860|2018-2022|101|8130|611|6855|599|84.3|4.5|1280|387|15.7|4.5|110|79|1.4|1|540|184|6.6|2.3|60|58|0.7|0.7|100|68|1.2|0.8|20|36|0.2|0.4|105|98|1.3|1.2|0|31||0.5|535|287|6.6|3.4|30|36|0.4|0.4
9500000US0901890|Hampton School District, CT|0901890|2018-2022|101|265|73|210|63|79.2|16.5|55|49|20.8|16.5|4|8|1.5|3.6|40|46|15.1|16.1|4|8|1.5|3.6|15|13|5.7|6.1|0|13||14|0|13||14|0|13||14|0|13||14|0|13||14
9700000US0901920|Hartford School District, CT|0901920|2018-2022|101|22270|975|13260|1080|59.5|3.8|9010|903|40.5|3.8|1540|394|6.9|1.8|7915|836|35.5|3.5|1250|397|5.6|1.8|560|219|2.5|1|145|94|0.7|0.4|105|72|0.5|0.3|25|24|0.1|0.1|430|213|1.9|1|120|102|0.5|0.5
9500000US0901950|Hartland School District, CT|0901950|2018-2022|101|265|49|260|50|98.1|6.5|10|13|3.8|5|10|13|3.8|5|10|13|3.8|5|10|13|3.8|5|0|13||14|0|13||14|0|13||14|0|13||14|0|13||14|0|13||14
9500000US0902010|Hebron School District, CT|0902010|2018-2022|101|1620|240|1580|231|97.5|2.5|40|42|2.5|2.5|0|19||2.4|40|42|2.5|2.5|0|19||2.4|0|19||2.4|0|19||2.4|0|19||2.4|0|19||2.4|0|19||2.4|0|19||2.4
9700000US0902070|Killingly School District, CT|0902070|2018-2022|101|3150|492|2820|461|89.5|7.7|330|256|10.5|7.7|110|156|3.5|5|125|170|4|5.3|0|21||1.3|195|209|6.2|6.4|110|156|3.5|5|10|14|0.3|0.5|0|21||1.3|0|21||1.3|0|21||1.3
9700000US0902130|Lebanon School District, CT|0902130|2018-2022|101|1110|213|995|192|89.6|8.3|115|99|10.4|8.3|0|19||3.5|45|71|4.1|6.3|0|19||3.5|40|50|3.6|4.3|0|19||3.5|30|48|2.7|4.4|0|19||3.5|0|19||3.5|0|19||3.5
9700000US0902160|Ledyard School District, CT|0902160|2018-2022|101|3080|453|2960|481|96.1|3.7|120|110|3.9|3.7|15|29|0.5|1|30|45|1|1.4|0|21||1.3|40|49|1.3|1.7|15|29|0.5|1|50|79|1.6|2.6|0|21||1.3|0|21||1.3|0|21||1.3
9500000US0902190|Lisbon School District, CT|0902190|2018-2022|101|885|158|845|150|95.5|5.2|40|47|4.5|5.2|0|13||4.4|40|47|4.5|5.2|0|13||4.4|0|13||4.4|0|13||4.4|0|13||4.4|0|13||4.4|0|13||4.4|0|13||4.4
9700000US0902220|Litchfield School District, CT|0902220|2018-2022|101|1150|215|1055|195|91.7|5.2|95|64|8.3|5.2|25|21|2.2|1.8|25|31|2.2|2.7|10|14|0.9|1.3|20|18|1.7|1.6|10|12|0.9|1.1|50|59|4.3|5|4|10|0.3|1.2|0|19||3.4|0|19||3.4
9700000US0902280|Madison School District, CT|0902280|2018-2022|101|3060|268|2875|291|94|3.6|185|109|6|3.6|20|32|0.7|1.1|25|29|0.8|0.9|0|21||1.3|100|97|3.3|3.2|20|32|0.7|1.1|60|61|2|2|0|21||1.3|0|21||1.3|0|21||1.3
9700000US0902310|Manchester School District, CT|0902310|2018-2022|101|8460|824|6835|807|80.8|5|1620|443|19.1|5|310|144|3.7|1.7|680|279|8|3.2|180|117|2.1|1.4|460|227|5.4|2.7|15|19|0.2|0.2|200|108|2.4|1.3|100|80|1.2|0.9|275|163|3.3|1.9|20|30|0.2|0.4
9500000US0902340|Mansfield School District, CT|0902340|2018-2022|101|2405|550|2035|545|84.6|7.4|370|169|15.4|7.4|60|71|2.5|2.8|50|56|2.1|2.3|0|25||1.6|95|69|4|3.3|0|25||1.6|205|139|8.5|5.6|60|71|2.5|2.8|20|29|0.8|1.2|0|25||1.6
9500000US0902370|Marlborough School District, CT|0902370|2018-2022|101|1155|168|920|264|79.7|20.5|235|240|20.3|20.5|135|167|11.7|14.2|210|258|18.2|22|135|167|11.7|14.2|0|19||3.4|0|19||3.4|25|38|2.2|3.5|0|19||3.4|0|19||3.4|0|19||3.4
9700000US0902400|Meriden School District, CT|0902400|2018-2022|101|9595|638|6710|588|69.9|4.3|2885|471|30.1|4.3|560|202|5.8|2|2565|435|26.7|4.1|550|196|5.7|2|65|61|0.7|0.6|15|19|0.2|0.2|255|182|2.7|1.9|0|31||0.4|0|31||0.4|0|31||0.4
9700000US0902490|Middletown School District, CT|0902490|2018-2022|101|5520|473|4825|468|87.4|4|695|230|12.6|4|75|80|1.4|1.5|400|163|7.2|2.8|45|57|0.8|1|225|148|4.1|2.7|0|28||0.7|35|60|0.6|1.1|30|60|0.5|1.1|35|55|0.6|1|0|28||0.7
9700000US0902520|Milford School District, CT|0902520|2018-2022|101|6890|590|6105|598|88.6|3.9|785|274|11.4|3.9|120|57|1.7|0.9|220|128|3.2|1.9|20|16|0.3|0.2|195|85|2.8|1.2|30|36|0.4|0.5|350|263|5.1|3.8|50|36|0.7|0.6|20|34|0.3|0.5|20|34|0.3|0.5
9700000US0902550|Monroe School District, CT|0902550|2018-2022|101|3665|371|3220|400|87.9|6.3|450|232|12.3|6.2|85|108|2.3|3|165|130|4.5|3.5|85|108|2.3|3|155|148|4.2|4.2|0|21||1.1|130|137|3.5|3.6|0|21||1.1|0|21||1.1|0|21||1.1
9700000US0902580|Montville School District, CT|0902580|2018-2022|101|2590|499|2280|512|88|7.8|305|197|11.8|7.8|150|114|5.8|4.4|50|48|1.9|1.9|20|32|0.8|1.3|170|174|6.6|6.8|85|97|3.3|3.8|65|53|2.5|2|45|47|1.7|1.8|20|43|0.8|1.7|0|21||1.5
9700000US0902640|Naugatuck School District, CT|0902640|2018-2022|101|4505|441|3380|466|75|9.3|1125|456|25|9.3|190|115|4.2|2.5|315|157|7|3.3|45|49|1|1.1|725|440|16.1|9.4|125|108|2.8|2.4|20|30|0.4|0.7|20|30|0.4|0.7|65|71|1.4|1.6|0|28||0.9
9700000US0902670|New Britain School District, CT|0902670|2018-2022|101|13130|1057|7170|840|54.6|5.2|5960|878|45.4|5.2|820|304|6.2|2.3|4155|741|31.6|5.2|675|300|5.1|2.3|1085|377|8.3|2.8|45|35|0.3|0.3|85|75|0.6|0.6|20|28|0.2|0.2|635|449|4.8|3.3|80|81|0.6|0.6
9700000US0902700|New Canaan School District, CT|0902700|2018-2022|101|4955|506|4420|489|89.2|4.5|535|235|10.8|4.5|4|13|0.1|0.4|25|44|0.5|0.9|0|25||0.8|295|159|6|3.1|0|25||0.8|200|145|4|2.9|4|13|0.1|0.4|10|26|0.2|0.5|0|25||0.8
9700000US0902730|New Fairfield School District, CT|0902730|2018-2022|101|2405|344|2130|339|88.6|5.7|270|141|11.2|5.7|65|75|2.7|3.2|245|140|10.2|5.7|65|75|2.7|3.2|25|27|1|1.2|0|21||1.6|0|21||1.6|0|21||1.6|0|21||1.6|0|21||1.6
9500000US0902760|New Hartford School District, CT|0902760|2018-2022|101|1015|193|995|190|98|3.1|20|31|2|3.1|0|19||3.9|20|31|2|3.1|0|19||3.9|0|19||3.9|0|19||3.9|0|19||3.9|0|19||3.9|0|19||3.9|0|19||3.9
9700000US0902790|New Haven School District, CT|0902790|2018-2022|101|22575|1069|13555|1048|60|4.1|9020|1067|40|4.1|1090|349|4.8|1.5|7140|883|31.6|3.5|395|173|1.7|0.8|1235|436|5.5|1.9|475|256|2.1|1.1|95|49|0.4|0.2|10|18|0|0.1|545|376|2.4|1.6|215|172|1|0.8
9700000US0902820|New London School District, CT|0902820|2018-2022|101|3280|445|1620|427|49.4|10.2|1665|378|50.8|10.2|370|169|11.3|5.1|1380|315|42.1|8.6|325|150|9.9|4.5|170|162|5.2|4.9|45|75|1.4|2.3|60|84|1.8|2.6|0|25||1.2|50|72|1.5|2.2|0|25||1.2
9700000US0902850|New Milford School District, CT|0902850|2018-2022|101|4700|538|4060|515|86.4|4.5|640|220|13.6|4.5|70|51|1.5|1.1|380|160|8.1|3.5|45|34|1|0.7|135|103|2.9|2.2|0|25||0.8|120|116|2.6|2.4|25|38|0.5|0.8|0|25||0.8|0|25||0.8
9700000US0902880|Newington School District, CT|0902880|2018-2022|101|4165|414|2950|390|70.8|7|1215|327|29.2|7|100|96|2.4|2.3|445|195|10.7|4.5|0|28||1|590|237|14.2|5.4|90|86|2.2|2|165|118|4|2.8|0|28||1|20|35|0.5|0.8|15|24|0.4|0.6
9700000US0902910|Newtown School District, CT|0902910|2018-2022|101|5180|493|4335|500|83.7|7.2|845|394|16.3|7.2|65|57|1.3|1.1|575|380|11.1|7.1|30|34|0.6|0.7|225|134|4.3|2.5|10|17|0.2|0.3|40|46|0.8|0.9|30|43|0.6|0.8|0|25||0.8|0|25||0.8
9500000US0902940|Norfolk School District, CT|0902940|2018-2022|101|285|102|285|102|100|13.1|4|4|1.4|2.3|0|13||13.1|4|4|1.4|2.3|0|13||13.1|0|13||13.1|0|13||13.1|0|13||13.1|0|13||13.1|0|13||13.1|0|13||13.1
9700000US0902970|North Branford School District, CT|0902970|2018-2022|101|1865|389|1800|384|96.5|3|70|57|3.8|3.1|35|41|1.9|2.2|15|22|0.8|1.2|15|22|0.8|1.2|0|21||2.1|0|21||2.1|20|35|1.1|1.8|20|35|1.1|1.8|35|44|1.9|2.3|0|21||2.1
9700000US0903030|North Haven School District, CT|0903030|2018-2022|101|4080|389|3525|384|86.4|6|555|256|13.6|6|185|183|4.5|4.5|290|252|7.1|6|30|52|0.7|1.3|215|154|5.3|3.8|150|175|3.7|4.3|40|34|1|0.9|4|10|0.1|0.3|10|16|0.2|0.4|0|25||1
9700000US0903090|Norwalk School District, CT|0903090|2018-2022|101|13030|825|7285|674|55.9|4.3|5745|713|44.1|4.3|1085|383|8.3|2.8|4830|678|37.1|4.4|985|370|7.6|2.7|730|326|5.6|2.4|65|52|0.5|0.4|160|106|1.2|0.8|30|36|0.2|0.3|25|29|0.2|0.2|10|14|0.1|0.1
9700000US0903120|Norwich School District, CT|0903120|2018-2022|101|6150|747|4945|753|80.4|6|1205|375|19.6|6|255|152|4.1|2.5|660|270|10.7|4.4|150|124|2.4|2|320|243|5.2|3.9|40|64|0.7|1|230|164|3.7|2.7|65|60|1.1|1|0|28||0.6|0|28||0.6
9700000US0903180|Old Saybrook School District, CT|0903180|2018-2022|101|1220|305|1025|320|84|10.6|195|123|16|10.6|60|66|4.9|5.5|115|94|9.4|7.9|45|59|3.7|5|65|80|5.3|6.8|0|21||3.2|15|27|1.2|2.3|15|27|1.2|2.3|0|21||3.2|0|21||3.2
9500000US0903210|Orange School District, CT|0903210|2018-2022|101|2570|273|2140|278|83.3|6|430|157|16.7|6|45|43|1.8|1.6|55|73|2.1|2.8|25|36|1|1.4|170|113|6.6|4.4|0|21||1.5|145|72|5.6|2.8|10|15|0.4|0.6|60|51|2.3|2.1|10|15|0.4|0.6
9700000US0903240|Oxford School District, CT|0903240|2018-2022|101|2100|520|1915|516|91.2|11|185|234|8.8|11|0|21||1.9|185|234|8.8|11|0|21||1.9|0|21||1.9|0|21||1.9|0|21||1.9|0|21||1.9|0|21||1.9|0|21||1.9
9700000US0903270|Plainfield School District, CT|0903270|2018-2022|101|2020|317|1845|324|91.3|10.6|175|221|8.7|10.6|30|47|1.5|2.3|130|215|6.4|10.3|0|21||2|0|21||2|0|21||2|45|51|2.2|2.6|30|47|1.5|2.3|0|21||2|0|21||2
9700000US0903300|Plainville School District, CT|0903300|2018-2022|101|2570|339|2235|334|87|5.8|335|155|13|5.8|55|42|2.1|1.7|100|57|3.9|2.3|30|31|1.2|1.2|125|106|4.9|4.1|25|29|1|1.2|90|92|3.5|3.5|0|21||1.5|20|35|0.8|1.4|0|21||1.5
9700000US0903330|Plymouth School District, CT|0903330|2018-2022|101|1860|333|1680|348|90.3|8.6|180|163|9.7|8.6|0|21||2.1|175|163|9.4|8.6|0|21||2.1|4|8|0.2|0.4|0|21||2.1|0|21||2.1|0|21||2.1|0|21||2.1|0|21||2.1
9500000US0903360|Pomfret School District, CT|0903360|2018-2022|101|860|155|840|155|97.7|3.6|20|31|2.3|3.6|0|13||4.5|20|31|2.3|3.6|0|13||4.5|4|2|0.5|1.4|0|13||4.5|0|13||4.5|0|13||4.5|0|13||4.5|0|13||4.5
9700000US0903390|Portland School District, CT|0903390|2018-2022|101|1735|301|1715|303|98.8|1.8|20|31|1.2|1.8|0|19||2.3|0|19||2.3|0|19||2.3|20|31|1.2|1.8|0|19||2.3|0|19||2.3|0|19||2.3|0|19||2.3|0|19||2.3
9500000US0903420|Preston School District, CT|0903420|2018-2022|101|795|280|780|278|98.1|2.7|15|20|1.9|2.7|10|15|1.3|2|15|20|1.9|2.7|10|15|1.3|2|0|13||4.9|0|13||4.9|0|13||4.9|0|13||4.9|0|13||4.9|0|13||4.9
9700000US0903480|Putnam School District, CT|0903480|2018-2022|101|1470|364|1305|400|88.8|13.1|170|187|11.6|13.1|0|19||2.7|140|186|9.5|12.9|0|19||2.7|25|32|1.7|2.3|0|19||2.7|0|19||2.7|0|19||2.7|0|19||2.7|0|19||2.7
9500000US0903510|Redding School District, CT|0903510|2018-2022|101|1410|222|1265|218|89.7|6.8|145|99|10.3|6.8|25|29|1.8|2|65|78|4.6|5.4|10|18|0.7|1.2|55|66|3.9|4.9|0|19||2.8|20|32|1.4|2.2|15|23|1.1|1.6|0|19||2.8|0|19||2.8
9600000US0903600|Regional High School District 01, CT|0903600|2018-2022|101|2185|326|1895|329|86.7|10.5|290|238|13.3|10.5|70|61|3.2|2.8|190|194|8.7|8.6|40|38|1.8|1.8|15|21|0.7|1|15|21|0.7|1|60|62|2.7|2.8|15|26|0.7|1.2|30|48|1.4|2.3|0|21||1.8
9600000US0903630|Regional High School District 04, CT|0903630|2018-2022|101|1995|320|1885|307|94.5|4.1|110|85|5.5|4.1|15|21|0.8|1.1|85|73|4.3|3.6|15|21|0.8|1.1|0|21||2|0|21||2|0|21||2|0|21||2|20|36|1|1.8|0|21||2
9600000US0903660|Regional High School District 05, CT|0903660|2018-2022|101|5255|416|4490|429|85.4|4.1|770|219|14.7|4.1|120|91|2.3|1.7|70|77|1.3|1.5|25|36|0.5|0.7|310|152|5.9|2.9|40|52|0.8|1|275|110|5.2|2.1|45|60|0.9|1.1|110|78|2.1|1.5|10|15|0.2|0.3
9600000US0903720|Regional High School District 07, CT|0903720|2018-2022|101|2080|274|1990|260|95.7|3.4|90|73|4.3|3.4|0|21||1.9|50|49|2.4|2.3|0|21||1.9|40|47|1.9|2.2|0|21||1.9|0|21||1.9|0|21||1.9|0|21||1.9|0|21||1.9
9600000US0903750|Regional High School District 08, CT|0903750|2018-2022|101|3180|340|2885|357|90.7|7.5|300|247|9.4|7.6|135|167|4.2|5.2|250|264|7.9|8.1|135|167|4.2|5.2|0|21||1.2|0|21||1.2|45|60|1.4|2|0|21||1.2|0|21||1.2|0|21||1.2
9600000US0903780|Regional High School District 09, CT|0903780|2018-2022|101|2990|303|2685|268|89.8|5.2|305|164|10.2|5.2|35|31|1.2|1|100|85|3.3|2.8|15|19|0.5|0.6|165|142|5.5|4.6|4|7|0.1|0.2|40|45|1.3|1.5|15|23|0.5|0.8|0|21||1.3|0|21||1.3
9600000US0903570|Regional High School District 11, CT|0903570|2018-2022|101|730|109|665|105|91.1|6.8|65|51|8.9|6.8|4|8|0.5|1.3|50|48|6.8|6.5|4|8|0.5|1.3|15|13|2.1|2.2|0|19||5.3|0|19||5.3|0|19||5.3|0|19||5.3|0|19||5.3
9600000US0900005|Regional High School District 19, CT|0900005|2018-2022|101|3815|631|3445|636|90.3|4.6|370|169|9.7|4.6|60|71|1.6|1.8|50|56|1.3|1.5|0|28||1|95|69|2.5|1.9|0|28||1|205|139|5.4|3.6|60|71|1.6|1.8|20|29|0.5|0.8|0|28||1
9700000US0903515|Regional School District 06, CT|0903515|2018-2022|101|1295|288|1210|288|93.4|5.7|85|74|6.6|5.7|4|7|0.3|0.6|80|74|6.2|5.7|0|19||3|4|7|0.3|0.6|4|7|0.3|0.6|0|19||3|0|19||3|0|19||3|0|19||3
9700000US0903520|Regional School District 10, CT|0903520|2018-2022|101|3125|294|2895|323|92.6|6|230|190|7.4|6|30|38|1|1.2|25|44|0.8|1.4|0|21||1.3|55|47|1.8|1.5|20|34|0.6|1.1|10|16|0.3|0.5|10|16|0.3|0.5|140|167|4.5|5.3|0|21||1.3
9700000US0903530|Regional School District 12, CT|0903530|2018-2022|101|950|166|730|143|76.8|12|215|127|22.6|11.7|45|52|4.7|5.6|170|147|17.9|14.4|45|52|4.7|5.6|30|46|3.2|5|0|19||4.1|15|22|1.6|2.4|0|19||4.1|0|19||4.1|0|19||4.1
9700000US0903535|Regional School District 13, CT|0903535|2018-2022|101|1450|205|1445|205|99.7|0.4|4|6|0.3|0.5|0|21||2.7|4|4|0.3|0.7|0|21||2.7|4|5|0.3|0.4|0|21||2.7|0|21||2.7|0|21||2.7|0|21||2.7|0|21||2.7
9700000US0903536|Regional School District 14, CT|0903536|2018-2022|101|1835|331|1700|310|92.6|5.7|135|112|7.4|5.7|25|31|1.4|1.6|30|38|1.6|2.1|0|21||2.2|90|98|4.9|5.1|25|31|1.4|1.6|0|21||2.2|0|21||2.2|10|19|0.5|1.1|0|21||2.2
9700000US0903537|Regional School District 15, CT|0903537|2018-2022|101|4275|530|4030|577|94.3|3.6|250|142|5.8|3.6|0|25||0.9|80|83|1.9|2.1|0|25||0.9|20|21|0.5|0.5|0|25||0.9|120|111|2.8|2.6|0|25||0.9|25|38|0.6|0.9|0|25||0.9
9700000US0903538|Regional School District 16, CT|0903538|2018-2022|101|2455|335|1945|351|79.2|8.6|510|218|20.8|8.6|170|176|6.9|7.1|390|196|15.9|7.9|120|172|4.9|7|110|99|4.5|4|50|51|2|2.1|10|15|0.4|0.6|0|21||1.6|0|21||1.6|0|21||1.6
9700000US0903539|Regional School District 17, CT|0903539|2018-2022|101|2580|291|2535|290|98.3|1.8|45|48|1.7|1.8|20|26|0.8|1|45|48|1.7|1.8|20|26|0.8|1|0|21||1.5|0|21||1.5|0|21||1.5|0|21||1.5|0|21||1.5|0|21||1.5
9700000US0903540|Regional School District 18, CT|0903540|2018-2022|101|1505|192|1405|189|93.4|4.3|100|66|6.6|4.3|30|36|2|2.4|45|41|3|2.8|30|36|2|2.4|45|51|3|3.3|0|21||2.6|4|10|0.3|0.8|0|21||2.6|0|21||2.6|0|21||2.6
9700000US0903810|Ridgefield School District, CT|0903810|2018-2022|101|5270|588|4290|449|81.4|10.3|980|609|18.6|10.3|55|50|1|0.9|130|104|2.5|2|45|46|0.9|0.9|755|601|14.3|10.4|10|15|0.2|0.3|95|82|1.8|1.6|0|25||0.8|0|25||0.8|0|25||0.8
9700000US0903840|Rocky Hill School District, CT|0903840|2018-2022|101|2675|384|1695|311|63.4|6.7|975|222|36.4|6.7|80|63|3|2.4|140|98|5.2|3.7|0|25||1.5|465|206|17.4|7.2|0|25||1.5|230|126|8.6|4.9|30|39|1.1|1.5|135|141|5|5.1|50|54|1.9|2
9500000US0903900|Salem School District, CT|0903900|2018-2022|101|920|185|880|182|95.7|4.9|40|46|4.3|4.9|0|13||4.3|40|46|4.3|4.9|0|13||4.3|0|13||4.3|0|13||4.3|0|13||4.3|0|13||4.3|0|13||4.3|0|13||4.3
9700000US0903990|Seymour School District, CT|0903990|2018-2022|101|2845|394|2505|434|88|7.1|335|195|11.8|7.1|85|69|3|2.5|215|182|7.6|6.5|50|61|1.8|2.1|120|81|4.2|3|35|36|1.2|1.3|0|21||1.4|0|21||1.4|0|21||1.4|0|21||1.4
9700000US0904050|Shelton School District, CT|0904050|2018-2022|101|5005|539|4210|507|84.1|4.9|790|259|15.8|4.9|185|128|3.7|2.6|275|140|5.5|2.7|80|78|1.6|1.6|465|216|9.3|4.2|105|109|2.1|2.2|50|70|1|1.4|0|28||0.8|0|28||0.8|0|28||0.8
9500000US0904080|Sherman School District, CT|0904080|2018-2022|101|415|85|365|91|88|8.8|45|31|10.8|8|0|13||9.2|15|20|3.6|5.1|0|13||9.2|35|35|8.4|9.1|0|13||9.2|0|13||9.2|0|13||9.2|0|13||9.2|0|13||9.2
9700000US0904110|Simsbury School District, CT|0904110|2018-2022|101|5075|486|4710|508|92.8|2.6|365|123|7.2|2.6|10|15|0.2|0.3|110|73|2.2|1.4|0|25||0.8|155|89|3.1|1.8|10|15|0.2|0.3|100|62|2|1.2|0|25||0.8|0|25||0.8|0|25||0.8
9700000US0904140|Somers School District, CT|0904140|2018-2022|101|1765|408|1755|400|99.4|1.1|15|19|0.8|1.1|0|21||2.2|15|19|0.8|1.1|0|21||2.2|0|21||2.2|0|21||2.2|0|21||2.2|0|21||2.2|0|21||2.2|0|21||2.2
9700000US0904170|South Windsor School District, CT|0904170|2018-2022|101|4890|505|3495|464|71.5|8.1|1390|453|28.4|8.1|200|130|4.1|2.7|130|113|2.7|2.4|125|113|2.6|2.3|660|389|13.5|7.3|30|23|0.6|0.5|585|340|12|6.9|40|60|0.8|1.3|20|18|0.4|0.4|4|12|0.1|0.3
9700000US0904230|Southington School District, CT|0904230|2018-2022|101|7455|510|6585|506|88.3|3.7|870|287|11.7|3.7|110|82|1.5|1.1|115|109|1.5|1.5|50|50|0.7|0.7|535|224|7.2|2.9|55|62|0.7|0.8|175|119|2.3|1.6|4|12|0.1|0.2|45|64|0.6|0.9|0|28||0.5
9500000US0904260|Sprague School District, CT|0904260|2018-2022|101|545|137|530|138|97.2|4.1|15|21|2.8|4.1|0|13||7.1|4|9|0.7|1.8|0|13||7.1|10|19|1.8|3.8|0|13||7.1|0|13||7.1|0|13||7.1|0|13||7.1|0|13||7.1
9700000US0904290|Stafford School District, CT|0904290|2018-2022|101|1835|382|1795|384|97.8|1.9|40|35|2.2|1.9|20|32|1.1|1.8|10|18|0.5|1|0|21||2.2|0|21||2.2|0|21||2.2|10|16|0.5|0.8|0|21||2.2|20|32|1.1|1.8|20|32|1.1|1.8
9700000US0904320|Stamford School District, CT|0904320|2018-2022|101|19120|947|10650|1051|55.7|4.2|8470|811|44.3|4.2|1115|244|5.8|1.3|6375|734|33.3|3.8|900|213|4.7|1.1|1510|346|7.9|1.8|205|107|1.1|0.6|460|198|2.4|1|10|14|0.1|0.1|120|116|0.6|0.6|0|31||0.2
9500000US0904350|Sterling School District, CT|0904350|2018-2022|101|580|175|580|175|100|6.7|0|13||6.7|0|13||6.7|0|13||6.7|0|13||6.7|0|13||6.7|0|13||6.7|0|13||6.7|0|13||6.7|0|13||6.7|0|13||6.7
9700000US0904380|Stonington School District, CT|0904380|2018-2022|101|2525|260|2425|261|96|2.8|100|70|4|2.8|0|21||1.6|0|21||1.6|0|21||1.6|80|62|3.2|2.5|0|21||1.6|10|17|0.4|0.7|0|21||1.6|10|14|0.4|0.6|0|21||1.6
9700000US0904440|Stratford School District, CT|0904440|2018-2022|101|7590|542|6165|599|81.2|5.2|1420|402|18.7|5.2|225|109|3|1.5|840|300|11.1|4|180|109|2.4|1.5|355|145|4.7|1.9|20|27|0.3|0.4|170|178|2.2|2.3|0|31||0.5|55|60|0.7|0.8|20|34|0.3|0.4
9700000US0904470|Suffield School District, CT|0904470|2018-2022|101|2275|339|2135|337|93.8|4|145|92|6.4|4.1|0|21||1.7|25|39|1.1|1.7|0|21||1.7|65|59|2.9|2.5|0|21||1.7|50|64|2.2|2.8|0|21||1.7|0|21||1.7|0|21||1.7
9700000US0904500|Thomaston School District, CT|0904500|2018-2022|101|1225|246|1160|242|94.7|7.2|65|91|5.3|7.2|10|15|0.8|1.2|65|91|5.3|7.2|10|15|0.8|1.2|0|19||3.2|0|19||3.2|0|19||3.2|0|19||3.2|0|19||3.2|0|19||3.2
9700000US0904530|Thompson School District, CT|0904530|2018-2022|101|1060|217|975|213|92|6.9|85|75|8|6.9|15|23|1.4|2.2|55|70|5.2|6.5|15|23|1.4|2.2|10|17|0.9|1.7|0|19||3.7|15|25|1.4|2.4|0|19||3.7|0|19||3.7|0|19||3.7
9700000US0904560|Tolland School District, CT|0904560|2018-2022|101|2800|466|2720|481|97.1|2.8|80|74|2.9|2.8|0|21||1.4|55|66|2|2.4|0|21||1.4|0|21||1.4|0|21||1.4|25|41|0.9|1.5|0|21||1.4|0|21||1.4|0|21||1.4
9700000US0904590|Torrington School District, CT|0904590|2018-2022|101|5030|442|4235|443|84.2|4.5|795|234|15.8|4.5|210|118|4.2|2.3|640|206|12.7|4|180|112|3.6|2.2|25|26|0.5|0.5|4|12|0.1|0.3|130|98|2.6|1.9|25|26|0.5|0.5|4|3|0.1|0.2|0|28||0.8
9700000US0904620|Trumbull School District, CT|0904620|2018-2022|101|8135|598|6770|606|83.2|3.9|1365|325|16.8|3.9|235|121|2.9|1.5|195|85|2.4|1.1|85|62|1|0.8|980|302|12|3.6|110|96|1.4|1.2|180|105|2.2|1.3|40|64|0.5|0.8|10|19|0.1|0.2|0|28||0.5
9700000US0904680|Vernon School District, CT|0904680|2018-2022|101|3880|510|3525|498|90.9|3.9|355|151|9.1|3.9|95|87|2.4|2.2|100|74|2.6|1.9|10|16|0.3|0.4|150|97|3.9|2.4|45|55|1.2|1.4|45|47|1.2|1.2|0|28||1|60|99|1.5|2.5|40|65|1|1.7
9500000US0904710|Voluntown School District, CT|0904710|2018-2022|101|360|99|360|99|100|10.5|0|13||10.5|0|13||10.5|0|13||10.5|0|13||10.5|0|13||10.5|0|13||10.5|0|13||10.5|0|13||10.5|0|13||10.5|0|13||10.5
9700000US0904740|Wallingford School District, CT|0904740|2018-2022|101|5880|408|4910|459|83.5|4.5|965|265|16.4|4.5|140|71|2.4|1.2|515|208|8.8|3.5|50|45|0.9|0.8|315|147|5.4|2.6|80|56|1.4|1|130|77|2.2|1.3|15|24|0.3|0.4|10|19|0.2|0.4|0|28||0.7
9700000US0904830|Waterbury School District, CT|0904830|2018-2022|101|19375|1007|11885|975|61.3|4.3|7490|955|38.7|4.3|1540|493|7.9|2.4|5880|821|30.3|3.8|1460|482|7.5|2.4|1015|439|5.2|2.2|35|43|0.2|0.2|200|178|1|0.9|45|51|0.2|0.3|390|232|2|1.2|0|31||0.2
9700000US0904860|Waterford School District, CT|0904860|2018-2022|101|2715|374|2660|376|98|2.3|55|61|2|2.3|0|21||1.5|10|34|0.4|1.3|0|21||1.5|30|40|1.1|1.5|0|21||1.5|10|20|0.4|0.8|0|21||1.5|4|8|0.1|0.3|0|21||1.5
9700000US0904890|Watertown School District, CT|0904890|2018-2022|101|3340|584|2540|537|76|10.8|800|400|24|10.8|120|101|3.6|2.9|360|264|10.8|7.1|25|37|0.7|1.1|375|304|11.2|9.1|95|93|2.8|2.7|0|25||1.2|0|25||1.2|65|79|1.9|2.4|0|25||1.2
9700000US0904920|West Hartford School District, CT|0904920|2018-2022|101|11075|667|8595|669|77.6|3.6|2485|422|22.4|3.6|520|198|4.7|1.8|1215|280|11|2.4|425|185|3.8|1.7|585|251|5.3|2.3|45|35|0.4|0.3|525|236|4.7|2.1|10|22|0.1|0.2|155|97|1.4|0.9|40|58|0.4|0.5
9700000US0904950|West Haven School District, CT|0904950|2018-2022|101|8715|786|5910|847|67.8|6.4|2805|569|32.2|6.4|420|194|4.8|2.2|1765|508|20.3|6|225|144|2.6|1.7|270|177|3.1|2|55|63|0.6|0.7|95|75|1.1|0.8|0|31||0.5|675|339|7.7|3.8|140|119|1.6|1.4
9700000US0905010|Weston School District, CT|0905010|2018-2022|101|2430|275|2080|258|85.6|6.2|350|164|14.4|6.2|90|72|3.7|2.8|70|62|2.9|2.5|0|21||1.6|175|115|7.2|4.4|55|56|2.3|2.3|85|86|3.5|3.6|35|45|1.4|1.9|20|34|0.8|1.4|0|21||1.6
9700000US0905040|Westport School District, CT|0905040|2018-2022|101|6055|491|5430|562|89.7|3.8|625|217|10.3|3.8|145|91|2.4|1.5|195|136|3.2|2.3|0|25||0.7|285|150|4.7|2.6|55|55|0.9|0.9|135|92|2.2|1.5|85|77|1.4|1.3|10|18|0.2|0.3|4|10|0.1|0.2
9700000US0905070|Wethersfield School District, CT|0905070|2018-2022|101|4070|462|3625|479|89.1|4.5|445|179|10.9|4.5|70|66|1.7|1.6|105|83|2.6|2.1|10|12|0.2|0.3|325|161|8|3.9|45|57|1.1|1.4|20|28|0.5|0.7|20|28|0.5|0.7|0|25||1|0|25||1
9700000US0905130|Wilton School District, CT|0905130|2018-2022|101|4160|360|3895|367|93.6|2.3|260|92|6.3|2.3|60|40|1.4|1|60|56|1.4|1.4|25|28|0.6|0.7|120|70|2.9|1.7|35|35|0.8|0.9|80|52|1.9|1.3|0|21||1|0|21||1|0|21||1
9700000US0905160|Winchester School District, CT|0905160|2018-2022|101|1365|285|1220|283|89.4|11.3|150|164|11|11.3|65|114|4.8|8|125|162|9.2|11.2|65|114|4.8|8|0|21||2.9|0|21||2.9|20|33|1.5|2.5|0|21||2.9|0|21||2.9|0|21||2.9
9700000US0905190|Windham School District, CT|0905190|2018-2022|101|3565|547|2265|457|63.5|9.7|1305|424|36.6|9.7|140|84|3.9|2.4|1305|424|36.6|9.7|140|84|3.9|2.4|0|25||1.1|0|25||1.1|0|25||1.1|0|25||1.1|0|25||1.1|0|25||1.1
9700000US0905250|Windsor Locks School District, CT|0905250|2018-2022|101|1650|329|1425|294|86.4|8.8|230|160|13.9|8.7|0|21||2.4|80|99|4.8|5.5|0|21||2.4|90|101|5.5|6.1|0|21||2.4|65|75|3.9|4.6|0|21||2.4|0|21||2.4|0|21||2.4
9700000US0905220|Windsor School District, CT|0905220|2018-2022|101|4530|387|4215|401|93|2.9|310|129|6.8|2.9|40|29|0.9|0.7|140|87|3.1|1.9|15|14|0.3|0.3|50|39|1.1|0.9|15|21|0.3|0.5|40|47|0.9|1.1|10|13|0.2|0.3|80|94|1.8|2.1|0|25||0.9
9700000US0905280|Wolcott School District, CT|0905280|2018-2022|101|2810|388|2615|406|93.1|3.9|195|103|6.9|3.9|30|40|1.1|1.6|50|62|1.8|2.2|10|21|0.4|0.8|100|61|3.6|2.3|10|19|0.4|0.7|25|51|0.9|1.9|15|30|0.5|1.1|20|41|0.7|1.5|0|21||1.4
9500000US0905310|Woodbridge School District, CT|0905310|2018-2022|101|1920|273|1660|261|86.5|6.1|260|123|13.5|6.1|55|65|2.9|3.3|15|22|0.8|1.2|0|19||2.1|85|74|4.4|3.9|20|36|1|1.9|110|74|5.7|3.8|40|58|2.1|3|50|62|2.6|3.1|0|19||2.1
9500000US0905370|Woodstock School District, CT|0905370|2018-2022|101|1515|219|1500|219|99|1.6|15|23|1|1.6|0|19||2.6|15|23|1|1.6|0|19||2.6|0|19||2.6|0|19||2.6|0|19||2.6|0|19||2.6|0|19||2.6|0|19||2.6
