GeoId|Geography|LEAID|Year|Iteration|CDP02_53est|CDP02_53moe|CDP02_54est|CDP02_54moe|CDP02_54pct|CDP02_54pctmoe|CDP02_55est|CDP02_55moe|CDP02_55pct|CDP02_55pctmoe|CDP02_56est|CDP02_56moe|CDP02_56pct|CDP02_56pctmoe|CDP02_57est|CDP02_57moe|CDP02_57pct|CDP02_57pctmoe|CDP02_58est|CDP02_58moe|CDP02_58pct|CDP02_58pctmoe|CDP02_59est|CDP02_59moe|CDP02_59pct|CDP02_59pctmoe|CDP02_60est|CDP02_60moe|CDP02_60pct|CDP02_60pctmoe|CDP02_61est|CDP02_61moe|CDP02_61pct|CDP02_61pctmoe|CDP02_62est|CDP02_62moe|CDP02_62pct|CDP02_62pctmoe|CDP02_63est|CDP02_63moe|CDP02_63pct|CDP02_63pctmoe|CDP02_64est|CDP02_64moe|CDP02_64pct|CDP02_64pctmoe
9700000US2501650|Abington School District, MA|2501650|2018-2022|101|2965|443|2700|472|91.1|5.5|265|157|8.9|5.5|25|38|0.8|1.3|4|8|0.1|0.3|4|8|0.1|0.3|260|157|8.8|5.5|25|37|0.8|1.3|0|21||1.4|0|21||1.4|0|21||1.4|0|21||1.4
9700000US2501710|Acton-Boxborough Regional School District, MA|2501710|2018-2022|101|6250|522|4395|452|70.3|7.5|1855|550|29.7|7.5|210|192|3.4|3|110|81|1.8|1.3|40|59|0.6|0.9|650|320|10.4|4.9|125|176|2|2.8|720|183|11.5|2.8|50|44|0.8|0.7|375|490|6|7.6|0|25||0.7
9500000US2501740|Acushnet School District, MA|2501740|2018-2022|101|1555|236|1325|256|85.2|10.2|225|162|14.5|10.1|50|68|3.2|4.4|45|67|2.9|4.3|40|67|2.6|4.3|185|152|11.9|9.5|4|12|0.3|1|0|21||2.7|0|21||2.7|0|21||2.7|0|21||2.7
9700000US2501800|Agawam School District, MA|2501800|2018-2022|101|3870|458|3335|513|86.2|6|535|222|13.8|6|55|45|1.4|1.2|45|42|1.2|1.1|15|29|0.4|0.8|455|214|11.8|5.7|30|34|0.8|0.9|25|33|0.6|0.8|4|13|0.1|0.4|15|20|0.4|0.6|0|25||1.1
9700000US2501860|Amesbury School District, MA|2501860|2018-2022|101|2555|337|2425|317|94.9|3.6|135|96|5.3|3.6|4|10|0.2|0.5|65|75|2.5|2.9|4|10|0.2|0.5|60|59|2.3|2.2|0|21||1.6|4|11|0.2|0.6|0|21||1.6|0|21||1.6|0|21||1.6
9500000US2501890|Amherst School District, MA|2501890|2018-2022|101|2370|286|2090|274|88.2|4.4|280|108|11.8|4.4|40|39|1.7|1.7|125|87|5.3|3.6|4|4|0.2|0.3|55|41|2.3|1.8|0|29||1.8|100|65|4.2|2.7|40|40|1.7|1.7|0|29||1.8|0|29||1.8
9600000US2501920|Amherst-Pelham School District, MA|2501920|2018-2022|101|3005|320|2700|315|89.9|3.5|305|107|10.1|3.5|50|40|1.7|1.4|150|88|5|2.9|10|15|0.3|0.5|55|41|1.8|1.4|0|29||1.4|100|65|3.3|2.2|40|40|1.3|1.4|4|6|0.1|0.2|0|29||1.4
9700000US2501950|Andover School District, MA|2501950|2018-2022|101|6945|462|5685|498|81.9|3.6|1260|244|18.1|3.6|175|150|2.5|2.1|465|231|6.7|3.3|115|147|1.7|2.1|320|130|4.6|1.9|10|20|0.1|0.3|395|125|5.7|1.8|50|36|0.7|0.5|80|117|1.2|1.7|0|29||0.6
9700000US2501980|Arlington School District, MA|2501980|2018-2022|101|7420|608|5950|682|80.2|4.1|1470|263|19.8|4.1|210|122|2.8|1.7|150|119|2|1.6|10|17|0.1|0.2|665|196|9|2.8|75|61|1|0.8|570|185|7.7|2.6|120|97|1.6|1.3|85|86|1.1|1.2|0|29||0.6
9700000US2502040|Ashburnham-Westminster School District, MA|2502040|2018-2022|101|2430|334|2365|343|97.3|3.2|65|79|2.7|3.2|4|2|0.2|0.4|20|32|0.8|1.3|0|21||1.7|45|72|1.9|3|4|2|0.2|0.4|0|21||1.7|0|21||1.7|0|21||1.7|0|21||1.7
9700000US2502100|Ashland School District, MA|2502100|2018-2022|101|2800|401|1880|343|67.1|8.4|925|283|33|8.5|205|142|7.3|4.8|160|145|5.7|5|65|105|2.3|3.7|520|228|18.6|7.2|60|60|2.1|2.1|230|104|8.2|3.8|65|61|2.3|2.2|10|22|0.4|0.8|10|22|0.4|0.8
9700000US2502160|Athol-Royalston School District, MA|2502160|2018-2022|101|2120|319|2005|324|94.6|4|115|84|5.4|4|15|22|0.7|1.1|95|84|4.5|4|15|22|0.7|1.1|10|13|0.5|0.6|0|21||2|0|21||2|0|21||2|10|18|0.5|0.8|0|21||2
9700000US2502190|Attleboro School District, MA|2502190|2018-2022|101|7050|672|6190|698|87.8|4.4|860|310|12.2|4.4|155|118|2.2|1.7|450|263|6.4|3.7|135|110|1.9|1.6|305|127|4.3|1.8|0|29||0.6|20|28|0.3|0.4|20|28|0.3|0.4|85|113|1.2|1.6|4|6|0.1|0.1
9700000US2502220|Auburn School District, MA|2502220|2018-2022|101|2825|308|2610|350|92.4|4.7|215|127|7.6|4.7|25|31|0.9|1.1|20|25|0.7|0.9|0|21||1.5|80|73|2.8|2.7|15|29|0.5|1.1|75|67|2.7|2.3|4|12|0.1|0.5|40|62|1.4|2.2|0|21||1.5
9700000US2502250|Avon School District, MA|2502250|2018-2022|101|755|155|610|155|80.8|13.1|145|107|19.2|13.1|40|46|5.3|6|4|3|0.5|1.6|0|14||5.5|95|95|12.6|12|0|14||5.5|25|36|3.3|4.8|25|36|3.3|4.8|20|40|2.6|5.5|15|27|2|3.6
9700000US2500542|Ayer-Shirley School District, MA|2500542|2018-2022|101|2010|363|1875|364|93.3|5.9|135|119|6.7|5.9|80|109|4|5.4|80|109|4|5.4|80|109|4|5.4|30|43|1.5|2.2|0|21||2.1|10|17|0.5|0.8|0|21||2.1|20|30|1|1.6|0|21||2.1
9700000US2502310|Barnstable School District, MA|2502310|2018-2022|101|6940|672|5015|730|72.3|6.9|1925|492|27.7|6.9|175|103|2.5|1.5|605|242|8.7|3.6|15|25|0.2|0.4|1160|431|16.7|5.8|160|108|2.3|1.6|40|61|0.6|0.9|0|29||0.6|120|118|1.7|1.7|0|29||0.6
9700000US2502400|Bedford School District, MA|2502400|2018-2022|101|2840|373|2315|404|81.5|8.4|525|239|18.5|8.4|145|135|5.1|4.9|10|20|0.4|0.7|0|21||1.5|190|197|6.7|6.7|0|21||1.5|250|133|8.8|4.8|70|77|2.5|2.8|75|111|2.6|4|75|111|2.6|4
9700000US2502430|Belchertown School District, MA|2502430|2018-2022|101|2115|368|1810|355|85.6|8.5|305|190|14.4|8.5|25|39|1.2|1.9|160|133|7.6|6.2|25|39|1.2|1.9|60|70|2.8|3.3|0|21||2|90|94|4.3|4.5|0|21||2|0|21||2|0|21||2
9700000US2502460|Bellingham School District, MA|2502460|2018-2022|101|3085|469|2990|493|96.9|3|90|88|2.9|3|10|17|0.3|0.6|45|56|1.5|1.9|10|17|0.3|0.6|25|41|0.8|1.3|0|21||1.4|25|43|0.8|1.4|0|21||1.4|0|21||1.4|0|21||1.4
9700000US2502490|Belmont School District, MA|2502490|2018-2022|101|5345|371|3755|320|70.3|4.4|1590|276|29.7|4.4|290|118|5.4|2.2|275|155|5.1|2.8|0|25||0.8|575|148|10.8|2.6|90|77|1.7|1.5|675|173|12.6|3.1|175|89|3.3|1.6|65|44|1.2|0.8|20|30|0.4|0.6
9500000US2502520|Berkley School District, MA|2502520|2018-2022|101|1195|269|1195|270|100|3.5|4|6|0.3|0.8|0|19||3.5|4|6|0.3|0.8|0|19||3.5|0|19||3.5|0|19||3.5|0|19||3.5|0|19||3.5|0|19||3.5|0|19||3.5
9700000US2502530|Berkshire Hills School District, MA|2502530|2018-2022|101|1230|223|1175|216|95.5|3.1|55|39|4.5|3.1|15|24|1.2|1.9|35|33|2.8|2.6|15|24|1.2|1.9|15|18|1.2|1.6|0|21||3.4|4|4|0.3|0.5|0|21||3.4|4|9|0.3|0.7|0|21||3.4
9700000US2502580|Berlin-Boylston School District, MA|2502580|2018-2022|101|1230|194|1145|214|93.1|6.4|90|75|7.3|6.2|0|19||3.4|30|37|2.4|3.1|0|19||3.4|30|28|2.4|2.4|0|19||3.4|30|44|2.4|3.6|0|19||3.4|0|19||3.4|0|19||3.4
9700000US2502640|Beverly School District, MA|2502640|2018-2022|101|5840|651|4825|648|82.6|5.3|1015|317|17.4|5.3|150|106|2.6|1.8|290|239|5|3.9|0|29||0.7|395|179|6.8|3.3|40|50|0.7|0.9|125|95|2.1|1.6|70|69|1.2|1.2|205|182|3.5|3.1|40|68|0.7|1.2
9700000US2502670|Billerica School District, MA|2502670|2018-2022|101|6130|570|5520|609|90|4.2|610|253|10|4.2|85|104|1.4|1.7|20|28|0.3|0.5|4|9|0.1|0.2|560|246|9.1|4|80|102|1.3|1.7|25|44|0.4|0.7|0|29||0.7|0|29||0.7|0|29||0.7
9700000US2502715|Blackstone-Millville School District, MA|2502715|2018-2022|101|2090|334|1975|314|94.5|4.5|115|96|5.5|4.5|0|21||2|75|82|3.6|3.8|0|21||2|20|35|1|1.7|0|21||2|0|21||2|0|21||2|20|28|1|1.4|0|21||2
9700000US2502790|Boston School District, MA|2502790|2018-2022|101|76560|1088|44650|1376|58.3|1.7|31910|1454|41.7|1.7|7955|1020|10.4|1.3|19570|1063|25.6|1.2|4875|782|6.4|1|7000|748|9.1|1|1485|380|1.9|0.5|3215|426|4.2|0.6|1120|348|1.5|0.5|2125|691|2.8|0.9|470|364|0.6|0.5
9700000US2502820|Bourne School District, MA|2502820|2018-2022|101|2755|438|2620|444|95.1|2.4|135|62|4.9|2.4|15|19|0.5|0.7|25|33|0.9|1.3|0|25||1.5|80|57|2.9|2.2|15|19|0.5|0.7|30|34|1.1|1.3|0|25||1.5|0|25||1.5|0|25||1.5
9500000US2502880|Boxford School District, MA|2502880|2018-2022|101|1725|248|1560|300|90.4|9.1|170|154|9.9|9.1|30|52|1.7|3|30|52|1.7|3|30|52|1.7|3|120|146|7|8.7|0|19||2.4|15|22|0.9|1.3|0|19||2.4|0|19||2.4|0|19||2.4
9700000US2502940|Braintree School District, MA|2502940|2018-2022|101|6735|484|5085|497|75.5|4.5|1650|315|24.5|4.5|280|181|4.2|2.6|65|54|1|0.8|0|29||0.6|420|166|6.2|2.5|30|48|0.4|0.7|1135|257|16.9|3.7|210|168|3.1|2.5|35|53|0.5|0.8|35|53|0.5|0.8
9500000US2502970|Brewster School District, MA|2502970|2018-2022|101|1335|294|1235|310|92.5|7.5|100|96|7.5|7.5|15|34|1.1|2.6|55|66|4.1|5|15|34|1.1|2.6|45|67|3.4|5.2|0|21||3.1|0|21||3.1|0|21||3.1|0|21||3.1|0|21||3.1
9700000US2503030|Bridgewater-Raynham School District, MA|2503030|2018-2022|101|6525|543|6040|529|92.6|3.6|490|243|7.5|3.6|130|149|2|2.3|190|156|2.9|2.4|120|148|1.8|2.2|250|177|3.8|2.6|10|20|0.2|0.3|0|29||0.6|0|29||0.6|50|62|0.8|1|0|29||0.6
9700000US2503090|Brockton School District, MA|2503090|2018-2022|101|20115|649|11335|927|56.4|4.2|8785|876|43.7|4.2|1440|368|7.2|1.8|1740|423|8.7|2.1|420|186|2.1|0.9|6790|741|33.8|3.6|955|312|4.7|1.6|205|110|1|0.5|40|39|0.2|0.2|45|53|0.2|0.3|25|33|0.1|0.2
9700000US2503150|Brookline School District, MA|2503150|2018-2022|101|8470|745|5540|639|65.4|5|2930|501|34.6|5|445|142|5.3|1.7|480|194|5.7|2.2|35|35|0.4|0.4|830|330|9.8|3.8|15|21|0.2|0.3|1040|264|12.3|3.1|265|109|3.1|1.3|585|289|6.9|3.3|130|81|1.5|1
9700000US2503240|Burlington School District, MA|2503240|2018-2022|101|3805|388|3115|403|81.9|6.8|690|271|18.1|6.8|115|74|3|2|40|63|1.1|1.6|0|25||1.1|485|246|12.7|6.2|65|58|1.7|1.6|150|108|3.9|2.9|50|44|1.3|1.2|20|31|0.5|0.8|0|25||1.1
9700000US2503270|Cambridge School District, MA|2503270|2018-2022|101|9770|685|6770|619|69.3|4.3|3005|479|30.8|4.3|495|213|5.1|2.2|540|163|5.5|1.7|130|91|1.3|0.9|1375|327|14.1|3.1|170|118|1.7|1.2|470|140|4.8|1.4|95|71|1|0.7|615|235|6.3|2.3|100|95|1|1
9700000US2503300|Canton School District, MA|2503300|2018-2022|101|3975|413|3510|436|88.3|4.4|465|169|11.7|4.4|20|23|0.5|0.6|85|80|2.1|2|0|25||1.1|200|114|5|2.9|10|14|0.3|0.4|185|125|4.7|3.1|10|18|0.3|0.5|0|25||1.1|0|25||1.1
9500000US2503330|Carlisle School District, MA|2503330|2018-2022|101|1110|138|1030|161|92.8|5.4|80|56|7.2|5.4|15|18|1.4|1.6|0|19||3.8|0|19||3.8|30|31|2.7|3.1|15|18|1.4|1.6|50|50|4.5|4.6|0|19||3.8|0|19||3.8|0|19||3.8
9700000US2503360|Carver School District, MA|2503360|2018-2022|101|1685|316|1575|333|93.5|6.8|110|113|6.5|6.8|0|21||2.5|55|78|3.3|4.8|0|21||2.5|55|86|3.3|5|0|21||2.5|0|21||2.5|0|21||2.5|0|21||2.5|0|21||2.5
9700000US2503390|Central Berkshire School District, MA|2503390|2018-2022|101|1880|187|1805|191|96|2.2|75|40|4|2.2|40|35|2.1|1.9|20|23|1.1|1.3|15|23|0.8|1.2|50|31|2.7|1.7|25|25|1.3|1.3|4|4|0.2|0.3|0|21||2.2|0|21||2.2|0|21||2.2
9700000US2503510|Chelmsford School District, MA|2503510|2018-2022|101|5960|500|5065|569|85|4.3|900|236|15.1|4.2|100|66|1.7|1.1|110|84|1.8|1.4|4|5|0.1|0.1|595|213|10|3.7|65|58|1.1|1|115|62|1.9|1.1|20|25|0.3|0.4|80|57|1.3|1|10|15|0.2|0.2
9700000US2503540|Chelsea School District, MA|2503540|2018-2022|101|6645|697|1665|422|25.1|5.9|4980|665|74.9|5.9|1810|436|27.2|5.7|4390|649|66.1|6.2|1655|411|24.9|5.5|110|93|1.7|1.4|60|76|0.9|1.1|120|99|1.8|1.5|95|106|1.4|1.6|355|200|5.3|3|0|29||0.6
9500000US2500014|Chesterfield-Goshen School District, MA|2500014|2018-2022|101|230|79|230|79|100|16.8|0|14||16.8|0|14||16.8|0|14||16.8|0|14||16.8|0|14||16.8|0|14||16.8|0|14||16.8|0|14||16.8|0|14||16.8|0|14||16.8
9700000US2503660|Chicopee School District, MA|2503660|2018-2022|101|8855|711|6325|754|71.4|7.3|2530|703|28.6|7.3|85|80|1|0.9|1835|567|20.7|6.1|35|35|0.4|0.4|565|342|6.4|3.7|50|71|0.6|0.8|0|32||0.5|0|32||0.5|130|139|1.5|1.6|0|32||0.5
9500000US2503720|Clarksburg School District, MA|2503720|2018-2022|101|275|87|275|87|100|14.3|0|14||14.3|0|14||14.3|0|14||14.3|0|14||14.3|0|14||14.3|0|14||14.3|0|14||14.3|0|14||14.3|0|14||14.3|0|14||14.3
9700000US2503750|Clinton School District, MA|2503750|2018-2022|101|1830|290|1360|263|74.3|12.4|470|253|25.7|12.4|120|146|6.6|7.8|245|176|13.4|9.1|110|145|6|7.7|160|147|8.7|7.8|10|16|0.5|0.9|0|21||2.3|0|21||2.3|60|82|3.3|4.5|0|21||2.3
9700000US2503780|Cohasset School District, MA|2503780|2018-2022|101|1715|183|1660|190|96.8|2.5|55|41|3.2|2.5|0|19||2.4|10|20|0.6|1.3|0|19||2.4|30|32|1.7|1.9|0|19||2.4|15|23|0.9|1.4|0|19||2.4|0|19||2.4|0|19||2.4
9500000US2503840|Concord School District, MA|2503840|2018-2022|101|3810|385|3150|325|82.7|5.5|655|238|17.2|5.5|115|90|3|2.4|195|155|5.1|3.9|0|21||1.1|375|152|9.8|3.7|40|53|1|1.4|45|40|1.2|1.1|35|36|0.9|1|40|60|1|1.6|40|60|1|1.6
9600000US2503870|Concord-Carlisle School District, MA|2503870|2018-2022|101|4920|386|4180|331|85|4.6|740|249|15|4.6|130|91|2.6|1.8|195|155|4|3|0|25||0.9|405|159|8.2|3|55|54|1.1|1.1|95|66|1.9|1.3|35|36|0.7|0.7|40|60|0.8|1.2|40|60|0.8|1.2
9500000US2503900|Conway School District, MA|2503900|2018-2022|101|235|80|225|81|95.7|4.7|10|11|4.3|4.7|0|14||16.5|10|11|4.3|4.7|0|14||16.5|0|14||16.5|0|14||16.5|0|14||16.5|0|14||16.5|0|14||16.5|0|14||16.5
9700000US2503990|Danvers School District, MA|2503990|2018-2022|101|3775|463|3340|472|88.5|4.5|435|165|11.5|4.5|30|29|0.8|0.8|115|83|3|2.2|15|24|0.4|0.6|205|121|5.4|3.3|15|18|0.4|0.5|75|87|2|2.3|0|25||1.1|40|42|1.1|1.2|0|25||1.1
9700000US2504020|Dartmouth School District, MA|2504020|2018-2022|101|4025|478|3610|473|89.7|4.3|420|177|10.4|4.3|15|15|0.4|0.4|120|142|3|3.4|0|29||1|255|120|6.3|3.1|15|15|0.4|0.4|40|36|1|0.9|0|29||1|0|29||1|0|29||1
9700000US2504050|Dedham School District, MA|2504050|2018-2022|101|3165|411|2815|399|88.9|4|350|130|11.1|4|120|98|3.8|3|65|54|2.1|1.7|20|32|0.6|1|175|93|5.5|2.9|55|62|1.7|1.9|50|50|1.6|1.6|0|25||1.3|60|64|1.9|2|45|72|1.4|2.3
9700000US2504140|Dennis-Yarmouth School District, MA|2504140|2018-2022|101|3775|392|3085|372|81.7|6.8|690|281|18.3|6.8|35|57|0.9|1.5|205|168|5.4|4.4|20|29|0.5|0.7|415|210|11|5.3|15|45|0.4|1.2|55|57|1.5|1.5|0|29||1.1|15|24|0.4|0.6|0|29||1.1
9700000US2504200|Dighton-Rehoboth School District, MA|2504200|2018-2022|101|3430|382|3245|394|94.6|3.6|185|121|5.4|3.6|15|29|0.4|0.9|40|34|1.2|1|15|29|0.4|0.9|150|126|4.4|3.7|0|25||1.2|0|25||1.2|0|25||1.2|0|25||1.2|0|25||1.2
9700000US2504230|Douglas School District, MA|2504230|2018-2022|101|1785|245|1760|258|98.6|2.7|25|47|1.4|2.7|0|19||2.3|25|47|1.4|2.7|0|19||2.3|0|19||2.3|0|19||2.3|0|19||2.3|0|19||2.3|0|19||2.3|0|19||2.3
9500000US2504260|Dover School District, MA|2504260|2018-2022|101|1350|193|1190|187|88.1|7.3|160|104|11.9|7.3|10|24|0.7|1.9|20|30|1.5|2.3|10|24|0.7|1.9|55|52|4.1|3.8|0|19||3.1|85|87|6.3|6.3|0|19||3.1|0|19||3.1|0|19||3.1
9600000US2504290|Dover-Sherborn School District, MA|2504290|2018-2022|101|2360|237|2025|271|85.8|6.4|340|149|14.4|6.4|65|64|2.8|2.8|20|30|0.8|1.4|10|24|0.4|1.1|145|95|6.1|4.1|0|21||1.8|170|120|7.2|5.1|55|60|2.3|2.6|0|21||1.8|0|21||1.8
9700000US2504320|Dracut School District, MA|2504320|2018-2022|101|5880|574|5270|555|89.6|4.1|610|249|10.4|4.1|150|135|2.6|2.3|185|105|3.1|1.8|0|29||0.7|105|92|1.8|1.5|0|29||0.7|60|57|1|1|10|14|0.2|0.2|265|192|4.5|3.2|140|134|2.4|2.2
9700000US2504360|Dudley-Charlton Regional School District, MA|2504360|2018-2022|101|4895|443|4535|470|92.6|3.8|360|182|7.4|3.8|10|13|0.2|0.3|85|91|1.7|1.9|0|25||0.9|165|125|3.4|2.6|0|25||0.9|65|91|1.3|1.9|10|13|0.2|0.3|45|43|0.9|0.9|0|25||0.9
9700000US2504410|Duxbury School District, MA|2504410|2018-2022|101|3015|398|2890|400|95.9|2.8|125|84|4.1|2.8|35|34|1.2|1.1|85|66|2.8|2.2|35|34|1.2|1.1|35|42|1.2|1.4|0|21||1.4|4|8|0.1|0.3|0|21||1.4|0|21||1.4|0|21||1.4
9700000US2504440|East Bridgewater School District, MA|2504440|2018-2022|101|2380|311|2240|335|94.1|4.6|140|106|5.9|4.6|40|40|1.7|1.7|15|21|0.6|0.9|15|21|0.6|0.9|75|71|3.2|3.1|10|16|0.4|0.7|15|32|0.6|1.4|15|32|0.6|1.4|35|63|1.5|2.7|0|21||1.8
9700000US2504500|East Longmeadow School District, MA|2504500|2018-2022|101|3030|332|2805|362|92.6|4.6|225|136|7.4|4.6|75|100|2.5|3.3|145|135|4.8|4.5|75|100|2.5|3.3|60|59|2|2|0|21||1.4|10|20|0.3|0.7|0|21||1.4|10|21|0.3|0.7|0|21||1.4
9700000US2504590|Easthampton School District, MA|2504590|2018-2022|101|2220|333|1910|319|86|7.1|310|164|14|7.1|20|32|0.9|1.4|70|93|3.2|4.2|0|21||1.9|40|38|1.8|1.8|0|21||1.9|75|83|3.4|3.7|20|32|0.9|1.4|130|113|5.9|5|0|21||1.9
9700000US2504620|Easton School District, MA|2504620|2018-2022|101|3995|502|3415|504|85.5|8|575|335|14.4|8|65|56|1.6|1.4|285|238|7.1|5.8|10|18|0.3|0.4|260|190|6.5|4.7|45|49|1.1|1.2|15|21|0.4|0.6|15|21|0.4|0.6|20|28|0.5|0.7|0|25||1.1
9500000US2504710|Erving School District, MA|2504710|2018-2022|101|245|59|245|60|100|15.9|4|3|1.6|3.4|0|14||15.9|0|14||15.9|0|14||15.9|4|3|1.6|3.4|0|14||15.9|0|14||15.9|0|14||15.9|0|14||15.9|0|14||15.9
9700000US2504770|Everett School District, MA|2504770|2018-2022|101|7920|713|2780|483|35.1|6|5140|731|64.9|6|975|322|12.3|4.1|2335|646|29.5|7.2|175|113|2.2|1.5|2325|521|29.4|6|675|315|8.5|4|320|134|4|1.7|115|77|1.5|1|165|113|2.1|1.4|10|18|0.1|0.2
9700000US2504800|Fairhaven School District, MA|2504800|2018-2022|101|2380|383|2310|384|97.1|2.3|70|53|2.9|2.3|20|30|0.8|1.3|20|31|0.8|1.3|20|31|0.8|1.3|30|32|1.3|1.3|0|21||1.8|25|37|1.1|1.6|4|3|0.2|0.4|0|21||1.8|0|21||1.8
9600000US2525010|Fairhaven/New Bedford School Districts in Acushnet (9-12), MA|2525010|2018-2022|101|1555|236|1325|256|85.2|10.2|225|162|14.5|10.1|50|68|3.2|4.4|45|67|2.9|4.3|40|67|2.6|4.3|185|152|11.9|9.5|4|12|0.3|1|0|21||2.7|0|21||2.7|0|21||2.7|0|21||2.7
9700000US2504830|Fall River School District, MA|2504830|2018-2022|101|14250|871|9255|671|64.9|4.9|4995|871|35.1|4.9|735|343|5.2|2.3|2315|690|16.2|4.3|470|312|3.3|2.1|2545|595|17.9|4|260|141|1.8|1|140|109|1|0.8|4|9|0|0.1|0|32||0.3|0|32||0.3
9700000US2504860|Falmouth School District, MA|2504860|2018-2022|101|3505|349|3100|346|88.4|4.6|400|168|11.4|4.6|80|83|2.3|2.3|30|27|0.9|0.8|0|29||1.2|205|141|5.8|4|60|69|1.7|1.9|135|91|3.9|2.5|25|43|0.7|1.2|35|46|1|1.3|0|29||1.2
9500000US2513321|Farmington River Regional School District, MA|2513321|2018-2022|101|275|87|270|87|98.2|1.9|4|5|1.5|2.1|4|4|1.5|2.1|0|14||14.3|0|14||14.3|0|14||14.3|0|14||14.3|4|5|1.5|2.1|4|4|1.5|2.1|0|14||14.3|0|14||14.3
9700000US2504890|Fitchburg School District, MA|2504890|2018-2022|101|6685|665|4660|588|69.7|5.1|2020|388|30.2|5.1|435|239|6.5|3.5|1830|387|27.4|5.1|415|245|6.2|3.5|60|44|0.9|0.7|10|16|0.1|0.2|25|25|0.4|0.4|10|14|0.1|0.2|110|105|1.6|1.6|0|29||0.6
9700000US2504950|Foxborough School District, MA|2504950|2018-2022|101|2975|410|2520|296|84.7|8.9|450|302|15.1|8.9|0|21||1.4|15|29|0.5|1|0|21||1.4|55|44|1.8|1.6|0|21||1.4|140|189|4.7|6.1|0|21||1.4|240|237|8.1|7.5|0|21||1.4
9700000US2504980|Framingham School District, MA|2504980|2018-2022|101|11495|811|6270|551|54.5|4.5|5225|730|45.5|4.5|1170|483|10.2|4|2455|560|21.4|4.4|610|387|5.3|3.2|2520|532|21.9|4.1|550|281|4.8|2.4|205|128|1.8|1.1|10|14|0.1|0.1|50|49|0.4|0.4|0|32||0.4
9700000US2505010|Franklin School District, MA|2505010|2018-2022|101|5915|409|5440|378|92|3.5|475|218|8|3.5|15|22|0.3|0.4|60|55|1|0.9|15|22|0.3|0.4|295|234|5|3.8|0|29||0.7|95|97|1.6|1.7|0|29||0.7|30|46|0.5|0.8|0|29||0.7
9700000US2505070|Freetown-Lakeville School District, MA|2505070|2018-2022|101|3410|285|3240|279|95|2.6|170|89|5|2.6|45|47|1.3|1.3|30|32|0.9|0.9|4|5|0.1|0.3|105|63|3.1|1.9|30|41|0.9|1.2|30|44|0.9|1.3|15|22|0.4|0.6|10|12|0.3|0.4|0|25||1.2
9600000US2505100|Frontier School District, MA|2505100|2018-2022|101|1480|191|1350|177|91.2|5.8|130|91|8.8|5.8|15|25|1|1.7|85|60|5.7|3.9|0|21||2.8|50|67|3.4|4.4|15|25|1|1.7|0|21||2.8|0|21||2.8|0|21||2.8|0|21||2.8
9700000US2505130|Gardner School District, MA|2505130|2018-2022|101|2685|387|2470|377|92|6.1|215|171|8|6.1|70|66|2.6|2.4|200|167|7.4|6|70|66|2.6|2.4|0|25||1.6|0|25||1.6|0|25||1.6|0|25||1.6|15|26|0.6|1|0|25||1.6
9700000US2505160|Gateway School District, MA|2505160|2018-2022|101|1045|215|1030|214|98.6|2.6|20|22|1.9|2.1|10|19|1|2|0|19||4|0|19||4|10|19|1|2|10|19|1|2|4|11|0.4|1.5|0|19||4|0|19||4|0|19||4
9700000US2505220|Georgetown School District, MA|2505220|2018-2022|101|1495|217|1495|217|100|2.8|0|19||2.8|0|19||2.8|0|19||2.8|0|19||2.8|0|19||2.8|0|19||2.8|0|19||2.8|0|19||2.8|0|19||2.8|0|19||2.8
9600000US2525003|Gill-Montague School District in Erving (7-12), MA|2525003|2018-2022|101|245|59|245|60|100|15.9|4|3|1.6|3.4|0|14||15.9|0|14||15.9|0|14||15.9|4|3|1.6|3.4|0|14||15.9|0|14||15.9|0|14||15.9|0|14||15.9|0|14||15.9
9700000US2505270|Gill-Montague School District, MA|2505270|2018-2022|101|1440|244|1345|212|93.4|9.7|95|143|6.6|9.7|20|27|1.4|2|20|27|1.4|2|20|27|1.4|2|10|15|0.7|1.1|0|21||2.9|70|141|4.9|9.8|0|21||2.9|0|21||2.9|0|21||2.9
9700000US2505280|Gloucester School District, MA|2505280|2018-2022|101|3070|353|2525|322|82.2|6.3|545|211|17.8|6.3|230|145|7.5|4.5|235|148|7.7|4.5|125|112|4.1|3.5|160|112|5.2|3.6|85|94|2.8|3|55|42|1.8|1.4|20|28|0.7|1|95|99|3.1|3.2|0|25||1.4
9700000US2505370|Grafton School District, MA|2505370|2018-2022|101|3170|397|2820|394|89|6.7|350|219|11|6.7|4|4|0.1|0.3|305|215|9.6|6.6|4|4|0.1|0.3|10|18|0.3|0.6|0|21||1.3|30|28|0.9|0.9|0|21||1.3|0|21||1.3|0|21||1.3
9700000US2505400|Granby School District, MA|2505400|2018-2022|101|715|127|715|127|100|5.8|0|19||5.8|0|19||5.8|0|19||5.8|0|19||5.8|0|19||5.8|0|19||5.8|0|19||5.8|0|19||5.8|0|19||5.8|0|19||5.8
9700000US2505490|Greenfield School District, MA|2505490|2018-2022|101|2545|254|2330|280|91.6|5.2|215|130|8.4|5.2|110|84|4.3|3.2|155|117|6.1|4.6|80|78|3.1|3|10|19|0.4|0.8|0|21||1.7|20|32|0.8|1.4|4|11|0.2|0.5|25|32|1|1.3|25|32|1|1.3
9700000US2505500|Groton-Dunstable School District, MA|2505500|2018-2022|101|3265|480|2990|504|91.6|3.8|275|108|8.4|3.8|20|34|0.6|1.1|60|60|1.8|1.9|0|21||1.3|140|81|4.3|2.7|20|34|0.6|1.1|75|54|2.3|1.8|0|21||1.3|0|21||1.3|0|21||1.3
9700000US2505580|Hadley School District, MA|2505580|2018-2022|101|740|214|660|195|89.2|10.4|85|82|11.5|10.1|0|19||5.6|0|19||5.6|0|19||5.6|30|42|4.1|5.5|0|19||5.6|55|71|7.4|9.1|0|19||5.6|0|19||5.6|0|19||5.6
9500000US2505610|Halifax School District, MA|2505610|2018-2022|101|1485|418|1290|404|86.9|15.7|195|239|13.1|15.7|0|19||2.8|15|27|1|1.9|0|19||2.8|180|239|12.1|15.7|0|19||2.8|0|19||2.8|0|19||2.8|0|19||2.8|0|19||2.8
9700000US2505670|Hamilton-Wenham School District, MA|2505670|2018-2022|101|1970|206|1890|203|95.9|2.6|75|51|3.8|2.6|20|34|1|1.7|20|23|1|1.2|0|21||2.1|50|44|2.5|2.2|20|34|1|1.7|10|17|0.5|0.9|0|21||2.1|0|21||2.1|0|21||2.1
9700000US2505730|Hampden-Wilbraham School District, MA|2505730|2018-2022|101|3345|388|3275|385|97.9|2.2|70|75|2.1|2.2|0|21||1.3|35|59|1|1.8|0|21||1.3|10|20|0.3|0.6|0|21||1.3|25|38|0.7|1.1|0|21||1.3|0|21||1.3|0|21||1.3
9600000US2505740|Hampshire School District, MA|2505740|2018-2022|101|1685|200|1575|192|93.5|5.9|115|103|6.8|5.9|40|60|2.4|3.5|30|35|1.8|2|0|21||2.5|20|17|1.2|1|0|21||2.5|65|95|3.9|5.5|40|60|2.4|3.5|0|21||2.5|0|21||2.5
9700000US2505790|Hanover School District, MA|2505790|2018-2022|101|3110|417|2910|402|93.6|4.5|200|145|6.4|4.5|60|63|1.9|2|0|21||1.4|0|21||1.4|130|128|4.2|4.1|40|57|1.3|1.8|60|68|1.9|2.1|20|29|0.6|0.9|10|22|0.3|0.8|0|21||1.4
9700000US2505880|Harvard School District, MA|2505880|2018-2022|101|1060|261|875|317|82.5|17.3|185|176|17.5|17.3|115|137|10.8|13.6|155|180|14.6|17.6|105|142|9.9|14|30|34|2.8|3.4|15|23|1.4|2.3|0|19||3.9|0|19||3.9|0|19||3.9|0|19||3.9
9700000US2505970|Haverhill School District, MA|2505970|2018-2022|101|11315|793|8285|652|73.2|4.8|3030|651|26.8|4.8|450|230|4|2|2570|653|22.7|5|405|218|3.6|1.9|350|177|3.1|1.6|35|53|0.3|0.5|50|61|0.4|0.5|0|32||0.4|55|88|0.5|0.8|15|22|0.1|0.2
9700000US2506090|Hingham School District, MA|2506090|2018-2022|101|4680|446|4490|450|95.9|1.9|190|87|4.1|1.9|35|27|0.7|0.6|70|51|1.5|1.1|0|25||0.9|85|61|1.8|1.3|15|19|0.3|0.4|20|27|0.4|0.6|10|17|0.2|0.4|10|21|0.2|0.5|4|11|0.1|0.3
9700000US2506150|Holbrook School District, MA|2506150|2018-2022|101|1830|384|1775|382|97|4.5|55|81|3|4.5|45|81|2.5|4.5|10|21|0.5|1.2|0|21||2.3|45|81|2.5|4.5|45|81|2.5|4.5|0|21||2.3|0|21||2.3|0|21||2.3|0|21||2.3
9700000US2506240|Holliston School District, MA|2506240|2018-2022|101|2830|300|2265|241|80|6.9|565|226|20|6.9|180|150|6.4|5|75|63|2.7|2.3|30|44|1.1|1.6|430|237|15.2|7.6|130|140|4.6|4.7|55|47|1.9|1.7|25|35|0.9|1.2|10|15|0.4|0.5|0|21||1.5
9700000US2506270|Holyoke School District, MA|2506270|2018-2022|101|6720|535|3350|512|49.9|6.9|3370|550|50.1|6.9|1015|399|15.1|5.5|3270|565|48.7|7|1015|399|15.1|5.5|30|67|0.4|1|0|29||0.6|20|25|0.3|0.4|0|29||0.6|45|72|0.7|1.1|0|29||0.6
9700000US2501780|Hoosac Valley School District, MA|2501780|2018-2022|101|1340|217|1225|211|91.4|7.4|115|104|8.6|7.4|10|14|0.7|1.1|90|99|6.7|7.2|10|14|0.7|1.1|25|40|1.9|3|0|21||3.1|0|21||3.1|0|21||3.1|0|21||3.1|0|21||3.1
9700000US2506300|Hopedale School District, MA|2506300|2018-2022|101|1370|298|1370|298|100|3.1|0|19||3.1|0|19||3.1|0|19||3.1|0|19||3.1|0|19||3.1|0|19||3.1|0|19||3.1|0|19||3.1|0|19||3.1|0|19||3.1
9700000US2506330|Hopkinton School District, MA|2506330|2018-2022|101|4320|357|3445|368|79.7|5.7|875|257|20.3|5.7|30|34|0.7|0.8|30|36|0.7|0.8|10|16|0.2|0.4|390|197|9|4.5|0|21||1|365|167|8.4|3.8|20|28|0.5|0.6|90|119|2.1|2.8|0|21||1
9700000US2506390|Hudson School District, MA|2506390|2018-2022|101|3230|390|2565|443|79.4|10.4|665|349|20.6|10.4|55|66|1.7|2|215|135|6.7|4.3|10|14|0.3|0.5|365|313|11.3|9.4|45|65|1.4|2|25|32|0.8|1.1|0|21||1.3|60|79|1.9|2.4|0|21||1.3
9700000US2506420|Hull School District, MA|2506420|2018-2022|101|1150|242|1130|243|98.3|2.1|20|23|1.7|2.1|10|17|0.9|1.5|0|21||3.6|0|21||3.6|20|23|1.7|2.1|10|17|0.9|1.5|0|21||3.6|0|21||3.6|0|21||3.6|0|21||3.6
9700000US2506480|Ipswich School District, MA|2506480|2018-2022|101|2040|288|1890|213|92.6|5.6|150|128|7.4|5.6|80|110|3.9|5|60|56|2.9|2.7|0|21||2.1|85|111|4.2|5|75|109|3.7|5|4|10|0.2|0.5|4|10|0.2|0.5|0|21||2.1|0|21||2.1
9600000US2506510|King Philip School District, MA|2506510|2018-2022|101|5295|528|4895|483|92.4|3.4|405|193|7.6|3.4|130|178|2.5|3.3|165|186|3.1|3.5|120|177|2.3|3.3|210|150|4|2.8|10|19|0.2|0.4|10|13|0.2|0.2|0|29||0.8|20|23|0.4|0.4|0|29||0.8
9500000US2506540|Kingston School District, MA|2506540|2018-2022|101|2155|307|2140|307|99.3|1.1|15|23|0.7|1.1|0|21||2|10|20|0.5|0.9|0|21||2|4|16|0.2|0.7|0|21||2|0|21||2|0|21||2|0|21||2|0|21||2
9700000US2506660|Lawrence School District, MA|2506660|2018-2022|101|17900|948|4490|800|25.1|4.1|13415|971|74.9|4.1|3075|513|17.2|2.9|13280|968|74.2|4.1|3065|513|17.1|2.9|50|49|0.3|0.3|0|32||0.2|40|30|0.2|0.2|10|11|0.1|0.1|45|64|0.3|0.4|0|32||0.2
9700000US2506690|Lee School District, MA|2506690|2018-2022|101|905|228|885|232|97.8|4.1|20|36|2.2|4.1|0|19||4.6|0|19||4.6|0|19||4.6|20|36|2.2|4.1|0|19||4.6|0|19||4.6|0|19||4.6|0|19||4.6|0|19||4.6
9600000US2525015|Lee/Berkshire Hills in Farmington River Regional (7-12), MA|2525015|2018-2022|101|275|87|270|87|98.2|1.9|4|5|1.5|2.1|4|4|1.5|2.1|0|14||14.3|0|14||14.3|0|14||14.3|0|14||14.3|4|5|1.5|2.1|4|4|1.5|2.1|0|14||14.3|0|14||14.3
9700000US2506720|Leicester School District, MA|2506720|2018-2022|101|1845|437|1735|456|94|7.7|110|139|6|7.7|85|111|4.6|6.1|15|22|0.8|1.3|4|13|0.2|0.7|95|138|5.1|7.6|80|112|4.3|6.1|0|21||2.3|0|21||2.3|0|21||2.3|0|21||2.3
9700000US2506780|Leominster School District, MA|2506780|2018-2022|101|6330|586|4920|586|77.7|8.4|1410|584|22.3|8.4|165|103|2.6|1.7|835|433|13.2|6.5|155|101|2.4|1.6|430|420|6.8|6.5|10|15|0.2|0.2|105|109|1.7|1.7|0|29||0.7|40|55|0.6|0.9|0|29||0.7
9500000US2506810|Leverett School District, MA|2506810|2018-2022|101|235|80|235|80|100|16.5|0|14||16.5|0|14||16.5|0|14||16.5|0|14||16.5|0|14||16.5|0|14||16.5|0|14||16.5|0|14||16.5|0|14||16.5|0|14||16.5
9700000US2506840|Lexington School District, MA|2506840|2018-2022|101|7895|405|4710|505|59.7|5.1|3185|413|40.3|5.1|430|204|5.4|2.5|220|115|2.8|1.4|40|51|0.5|0.6|1040|285|13.2|3.6|55|42|0.7|0.5|1675|320|21.2|4|335|195|4.2|2.4|245|138|3.1|1.8|0|29||0.5
9500000US2506900|Lincoln School District, MA|2506900|2018-2022|101|1545|203|1400|216|90.6|5.2|145|78|9.4|5.2|0|19||2.7|50|65|3.2|4.3|0|19||2.7|35|37|2.3|2.5|0|19||2.7|20|26|1.3|1.7|0|19||2.7|35|35|2.3|2.2|0|19||2.7
9600000US2506930|Lincoln-Sudbury School District, MA|2506930|2018-2022|101|5835|450|5260|462|90.1|2.7|575|155|9.9|2.7|10|20|0.2|0.4|80|67|1.4|1.2|0|25||0.7|230|92|3.9|1.6|0|25||0.7|225|113|3.9|1.9|10|20|0.2|0.4|35|35|0.6|0.6|0|25||0.7
9700000US2506960|Littleton School District, MA|2506960|2018-2022|101|1740|203|1590|214|91.4|5.7|150|101|8.6|5.7|10|19|0.6|1.1|10|18|0.6|1|0|21||2.4|40|50|2.3|2.8|0|21||2.4|85|75|4.9|4.2|0|21||2.4|10|19|0.6|1.1|10|19|0.6|1.1
9700000US2506990|Longmeadow School District, MA|2506990|2018-2022|101|2945|322|2650|335|90|4.9|295|145|10|4.9|25|44|0.8|1.5|10|17|0.3|0.6|0|21||1.4|240|137|8.1|4.7|25|44|0.8|1.5|35|35|1.2|1.2|0|21||1.4|4|12|0.1|0.5|0|21||1.4
9700000US2507020|Lowell School District, MA|2507020|2018-2022|101|18130|1103|11735|1072|64.7|3.8|6395|750|35.3|3.8|1525|367|8.4|2|2050|429|11.3|2.4|520|225|2.9|1.2|1735|495|9.6|2.6|525|251|2.9|1.4|2290|506|12.6|2.7|475|188|2.6|1|320|181|1.8|1|10|14|0.1|0.1
9700000US2507050|Ludlow School District, MA|2507050|2018-2022|101|2825|414|2375|414|84.1|5.4|450|153|15.9|5.4|20|21|0.7|0.8|95|71|3.4|2.4|0|25||1.5|230|101|8.1|3.8|20|21|0.7|0.8|115|116|4.1|4|0|25||1.5|10|15|0.4|0.5|0|25||1.5
9700000US2507080|Lunenburg School District, MA|2507080|2018-2022|101|2175|345|2020|340|92.9|6.3|155|141|7.1|6.3|20|18|0.9|0.9|115|136|5.3|6.1|4|9|0.2|0.5|40|31|1.8|1.5|10|17|0.5|0.8|0|21||1.9|0|21||1.9|0|21||1.9|0|21||1.9
9700000US2507110|Lynn School District, MA|2507110|2018-2022|101|19035|1124|8420|923|44.2|3.9|10615|950|55.8|3.9|2605|662|13.7|3.2|8685|948|45.6|4|2185|596|11.5|2.8|1075|227|5.6|1.2|315|189|1.7|1|485|168|2.5|0.9|60|44|0.3|0.2|365|209|1.9|1.1|40|44|0.2|0.2
9700000US2507140|Lynnfield School District, MA|2507140|2018-2022|101|2515|251|2145|284|85.3|6.4|375|161|14.9|6.4|105|105|4.2|4.2|150|124|6|4.9|65|90|2.6|3.6|90|94|3.6|3.7|10|18|0.4|0.7|135|118|5.4|4.7|30|36|1.2|1.5|0|21||1.7|0|21||1.7
9700000US2507170|Malden School District, MA|2507170|2018-2022|101|8295|962|4545|809|54.8|7.2|3750|713|45.2|7.2|1050|274|12.7|3.2|900|340|10.8|4|115|92|1.4|1.1|1560|444|18.8|5|415|219|5|2.7|1055|354|12.7|4|405|180|4.9|2.1|230|142|2.8|1.7|110|73|1.3|0.9
9700000US2500067|Manchester Essex Regional School District, MA|2500067|2018-2022|101|1935|352|1820|377|94.1|5.7|110|104|5.7|5.7|25|32|1.3|1.7|0|19||2.2|0|19||2.2|65|65|3.4|3.5|25|32|1.3|1.7|50|83|2.6|4.5|0|19||2.2|0|19||2.2|0|19||2.2
9700000US2507230|Mansfield School District, MA|2507230|2018-2022|101|4160|448|3835|441|92.2|4.2|325|181|7.8|4.2|105|118|2.5|2.8|4|11|0.1|0.3|0|25||1|225|159|5.4|3.7|65|103|1.6|2.5|90|78|2.2|1.9|35|40|0.8|1|0|25||1|0|25||1
9700000US2507260|Marblehead School District, MA|2507260|2018-2022|101|3965|381|3440|426|86.8|5.9|525|236|13.2|5.9|75|74|1.9|1.9|190|152|4.8|3.8|65|72|1.6|1.9|210|105|5.3|2.6|4|9|0.1|0.3|125|112|3.2|2.8|4|9|0.1|0.3|0|25||1.1|0|25||1.1
9500000US2507290|Marion School District, MA|2507290|2018-2022|101|875|141|875|141|100|4.7|0|19||4.7|0|19||4.7|0|19||4.7|0|19||4.7|0|19||4.7|0|19||4.7|0|19||4.7|0|19||4.7|0|19||4.7|0|19||4.7
9700000US2507320|Marlborough School District, MA|2507320|2018-2022|101|5775|583|3150|607|54.5|9.4|2625|620|45.5|9.4|355|345|6.1|5.9|1105|443|19.1|7|260|328|4.5|5.6|1365|428|23.6|7.3|85|94|1.5|1.6|80|59|1.4|1|4|18|0.1|0.3|70|90|1.2|1.5|0|29||0.7
9700000US2507350|Marshfield School District, MA|2507350|2018-2022|101|3850|557|3755|546|97.5|2.3|95|88|2.5|2.3|40|43|1|1.1|30|54|0.8|1.4|15|27|0.4|0.7|65|69|1.7|1.8|25|35|0.6|0.9|0|25||1.1|0|25||1.1|0|25||1.1|0|25||1.1
9600000US2507380|Martha's Vineyard School District, MA|2507380|2018-2022|101|3080|239|2405|268|78.1|8.4|680|279|22.1|8.5|135|125|4.4|4|4|5|0.1|0.3|4|5|0.1|0.3|655|280|21.3|8.5|135|124|4.4|4|25|28|0.8|1|0|25||1.4|0|25||1.4|0|25||1.4
9600000US2507410|Masconomet School District, MA|2507410|2018-2022|101|4340|414|4040|483|93.1|4.3|300|178|6.9|4.3|110|104|2.5|2.4|35|53|0.8|1.2|30|52|0.7|1.2|230|173|5.3|4.2|75|93|1.7|2.1|30|30|0.7|0.7|4|11|0.1|0.3|0|25||1|0|25||1
9700000US2507440|Mashpee School District, MA|2507440|2018-2022|101|1785|337|1735|325|97.2|3.5|55|62|3.1|3.4|0|21||2.3|30|50|1.7|2.8|0|21||2.3|20|26|1.1|1.6|0|21||2.3|0|21||2.3|0|21||2.3|0|21||2.3|0|21||2.3
9700000US2507500|Maynard School District, MA|2507500|2018-2022|101|1945|273|1825|280|93.8|4.5|120|88|6.2|4.5|0|21||2.2|60|58|3.1|3|0|21||2.2|60|64|3.1|3.3|0|21||2.2|0|21||2.2|0|21||2.2|0|21||2.2|0|21||2.2
9700000US2507530|Medfield School District, MA|2507530|2018-2022|101|2805|308|2510|323|89.5|4.8|290|134|10.3|4.8|0|21||1.5|125|85|4.5|3|0|21||1.5|40|35|1.4|1.3|0|21||1.5|60|55|2.1|2|0|21||1.5|70|97|2.5|3.5|0|21||1.5
9700000US2507560|Medford School District, MA|2507560|2018-2022|101|5885|678|4040|657|68.6|6.8|1850|424|31.4|6.8|215|128|3.7|2.2|525|219|8.9|3.5|35|48|0.6|0.8|950|314|16.1|5.3|145|112|2.5|1.9|300|129|5.1|2.3|35|32|0.6|0.5|75|81|1.3|1.4|0|32||0.7
9700000US2507590|Medway School District, MA|2507590|2018-2022|101|2235|313|2085|329|93.3|4.2|145|89|6.5|4.1|95|72|4.3|3.4|4|6|0.2|0.3|0|21||1.9|15|18|0.7|0.8|0|21||1.9|75|74|3.4|3.3|50|65|2.2|3|50|63|2.2|2.9|40|54|1.8|2.5
9700000US2507620|Melrose School District, MA|2507620|2018-2022|101|4460|511|3535|399|79.3|6.8|930|355|20.9|6.8|120|141|2.7|3.2|220|148|4.9|3.5|0|25||0.9|315|274|7.1|5.8|0|25||0.9|175|151|3.9|3.2|35|45|0.8|1|215|169|4.8|3.8|85|132|1.9|3
9700000US2507680|Mendon-Upton School District, MA|2507680|2018-2022|101|2590|367|1980|413|76.4|10.6|610|279|23.6|10.6|60|69|2.3|2.6|275|156|10.6|6.1|60|69|2.3|2.6|165|130|6.4|5.1|0|21||1.6|0|21||1.6|0|21||1.6|170|229|6.6|8.8|0|21||1.6
9700000US2507740|Methuen School District, MA|2507740|2018-2022|101|8970|710|5470|663|61|6.7|3500|710|39|6.7|505|263|5.6|2.9|2490|586|27.8|6|250|147|2.8|1.6|735|413|8.2|4.4|225|218|2.5|2.4|175|156|2|1.8|25|32|0.3|0.4|105|98|1.2|1.1|0|32||0.5
9700000US2507770|Middleborough School District, MA|2507770|2018-2022|101|3725|484|3375|456|90.6|5.9|350|230|9.4|5.9|80|71|2.1|1.9|0|25||1.1|0|25||1.1|285|220|7.7|5.7|60|66|1.6|1.8|0|25||1.1|0|25||1.1|65|77|1.7|2|25|37|0.7|1
9500000US2507830|Middleton School District, MA|2507830|2018-2022|101|1430|255|1310|270|91.6|7.3|115|104|8|7.4|80|94|5.6|6.5|4|9|0.3|0.6|0|19||2.9|95|100|6.6|7|75|93|5.2|6.5|20|24|1.4|1.8|4|11|0.3|1|0|19||2.9|0|19||2.9
9700000US2507860|Milford School District, MA|2507860|2018-2022|101|4625|600|2190|499|47.4|11.2|2435|682|52.6|11.2|560|238|12.1|5.3|680|240|14.7|5.6|225|128|4.9|2.9|1685|681|36.4|11.9|310|201|6.7|4.4|50|54|1.1|1.2|25|27|0.5|0.6|20|34|0.4|0.7|0|29||0.9
9700000US2507890|Millbury School District, MA|2507890|2018-2022|101|2200|320|2025|343|92|5.8|175|124|8|5.8|45|47|2|2.3|40|47|1.8|2.2|20|36|0.9|1.7|120|112|5.5|5|15|22|0.7|1|0|21||1.9|0|21||1.9|15|25|0.7|1.2|15|25|0.7|1.2
9700000US2507920|Millis School District, MA|2507920|2018-2022|101|1355|291|1210|292|89.3|7|145|93|10.7|7|0|19||3.1|60|61|4.4|4.5|0|19||3.1|55|54|4.1|3.9|0|19||3.1|0|19||3.1|0|19||3.1|30|54|2.2|4.1|0|19||3.1
9700000US2507980|Milton School District, MA|2507980|2018-2022|101|5970|485|5035|525|84.3|4.6|935|274|15.7|4.6|110|68|1.8|1.2|65|74|1.1|1.2|15|31|0.3|0.5|730|239|12.2|4|35|29|0.6|0.5|120|68|2|1.2|60|60|1|1|15|29|0.3|0.5|0|25||0.7
9700000US2507990|Mohawk Trail School District, MA|2507990|2018-2022|101|925|153|900|150|97.3|1.5|25|14|2.7|1.5|0|19||4.5|15|13|1.6|1.4|0|19||4.5|10|8|1.1|0.8|0|19||4.5|0|19||4.5|0|19||4.5|0|19||4.5|0|19||4.5
9700000US2500544|Monomoy Regional School District, MA|2500544|2018-2022|101|1710|319|1605|335|93.9|7|105|117|6.1|7|0|25||2.5|0|25||2.5|0|25||2.5|100|117|5.8|7|0|25||2.5|4|14|0.2|0.9|0|25||2.5|0|25||2.5|0|25||2.5
9700000US2508040|Monson School District, MA|2508040|2018-2022|101|1045|212|1025|213|98.1|3.1|20|33|1.9|3.1|10|16|1|1.6|0|19||4|0|19||4|20|33|1.9|3.1|10|16|1|1.6|0|19||4|0|19||4|0|19||4|0|19||4
9700000US2508160|Mount Greylock School District, MA|2508160|2018-2022|101|1445|247|1315|245|91|5.9|130|86|9|5.9|0|21||2.9|0|21||2.9|0|21||2.9|65|50|4.5|3.6|0|21||2.9|35|71|2.4|4.8|0|21||2.9|25|28|1.7|2|0|21||2.9
9700000US2508250|Nantucket School District, MA|2508250|2018-2022|101|2510|451|1935|502|77.1|12|575|297|22.9|12|0|21||1.7|355|270|14.1|10.9|0|21||1.7|115|88|4.6|3.6|0|21||1.7|100|63|4|2.5|0|21||1.7|0|21||1.7|0|21||1.7
9700000US2508280|Narragansett School District, MA|2508280|2018-2022|101|1535|331|1520|332|99|2.2|20|31|1.3|2|0|21||2.7|20|31|1.3|2|0|21||2.7|0|21||2.7|0|21||2.7|0|21||2.7|0|21||2.7|0|21||2.7|0|21||2.7
9700000US2508310|Nashoba School District, MA|2508310|2018-2022|101|3880|420|3540|417|91.2|4.9|340|195|8.8|4.9|25|35|0.6|0.9|65|69|1.7|1.8|25|35|0.6|0.9|115|99|3|2.5|0|25||1.1|165|179|4.3|4.6|0|25||1.1|0|25||1.1|0|25||1.1
9700000US2508340|Natick School District, MA|2508340|2018-2022|101|6160|440|5200|425|84.4|3.9|960|258|15.6|3.9|235|122|3.8|1.9|265|182|4.3|2.9|25|29|0.4|0.5|275|106|4.5|1.7|65|49|1.1|0.8|335|141|5.4|2.2|145|104|2.4|1.7|85|80|1.4|1.3|0|29||0.7
9600000US2504560|Nauset School District, MA|2504560|2018-2022|101|3055|426|2660|370|87.1|8.4|395|278|12.9|8.4|15|34|0.5|1.1|80|71|2.6|2.3|15|34|0.5|1.1|285|259|9.3|7.9|0|25||1.4|35|49|1.1|1.6|4|2|0.1|0.3|0|25||1.4|0|25||1.4
9700000US2508370|Needham School District, MA|2508370|2018-2022|101|7520|483|6690|514|89|3.1|830|230|11|3.1|105|99|1.4|1.3|235|154|3.1|2|0|29||0.6|430|179|5.7|2.5|65|84|0.9|1.1|115|97|1.5|1.3|0|29||0.6|50|61|0.7|0.8|40|54|0.5|0.7
9700000US2508430|New Bedford School District, MA|2508430|2018-2022|101|18090|896|12345|884|68.2|3.2|5745|613|31.8|3.2|1495|322|8.3|1.8|3935|543|21.8|2.9|1115|264|6.2|1.4|1565|411|8.7|2.2|325|210|1.8|1.2|155|100|0.9|0.5|25|24|0.1|0.1|90|73|0.5|0.4|30|31|0.2|0.2
9500000US2508530|New Salem-Wendell School District, MA|2508530|2018-2022|101|240|73|235|72|97.9|3.4|4|9|1.7|3.6|0|14||16.2|0|14||16.2|0|14||16.2|0|14||16.2|0|14||16.2|4|9|1.7|3.6|0|14||16.2|0|14||16.2|0|14||16.2
9700000US2508580|Newburyport School District, MA|2508580|2018-2022|101|3460|584|3235|593|93.5|4.8|225|164|6.5|4.8|30|31|0.9|0.9|20|12|0.6|0.4|4|9|0.1|0.3|205|161|5.9|4.7|20|29|0.6|0.9|0|21||1.2|0|21||1.2|0|21||1.2|0|21||1.2
9700000US2508610|Newton School District, MA|2508610|2018-2022|101|15465|641|11725|593|75.8|2.4|3740|419|24.2|2.4|450|196|2.9|1.3|500|210|3.2|1.3|90|85|0.6|0.5|1370|299|8.9|1.9|120|78|0.8|0.5|1295|240|8.4|1.6|190|107|1.2|0.7|580|258|3.8|1.6|50|75|0.3|0.5
9500000US2508640|Norfolk School District, MA|2508640|2018-2022|101|2225|363|2115|353|95.1|4.8|110|107|4.9|4.8|0|21||1.9|25|47|1.1|2.1|0|21||1.9|75|96|3.4|4.2|0|21||1.9|0|21||1.9|0|21||1.9|10|15|0.4|0.7|0|21||1.9
9600000US2525002|North Adams School District in Clarksburg (9-12), MA|2525002|2018-2022|101|275|87|275|87|100|14.3|0|14||14.3|0|14||14.3|0|14||14.3|0|14||14.3|0|14||14.3|0|14||14.3|0|14||14.3|0|14||14.3|0|14||14.3|0|14||14.3
9700000US2508670|North Adams School District, MA|2508670|2018-2022|101|1870|302|1595|266|85.3|6.5|275|134|14.7|6.5|25|38|1.3|2|105|104|5.6|5.5|0|21||2.2|130|83|7|4.1|0|21||2.2|25|38|1.3|2|25|38|1.3|2|20|37|1.1|2|0|21||2.2
9700000US2508700|North Andover School District, MA|2508700|2018-2022|101|5545|511|5020|542|90.5|3.3|525|173|9.5|3.3|65|49|1.2|0.9|100|68|1.8|1.2|10|22|0.2|0.4|310|164|5.6|3.1|55|45|1|0.8|85|66|1.5|1.2|0|29||0.8|25|34|0.5|0.6|0|29||0.8
9700000US2508730|North Attleborough School District, MA|2508730|2018-2022|101|5540|567|4995|530|90.2|4.1|545|243|9.8|4.1|90|92|1.6|1.7|150|177|2.7|3.2|25|55|0.5|1|80|67|1.4|1.2|20|35|0.4|0.6|170|125|3.1|2.2|45|69|0.8|1.3|150|147|2.7|2.7|0|29||0.8
9700000US2508760|North Brookfield School District, MA|2508760|2018-2022|101|675|208|675|208|100|6.1|0|14||6.1|0|14||6.1|0|14||6.1|0|14||6.1|0|14||6.1|0|14||6.1|0|14||6.1|0|14||6.1|0|14||6.1|0|14||6.1
9700000US2508790|North Middlesex School District, MA|2508790|2018-2022|101|3815|268|3655|277|95.8|3.2|160|122|4.2|3.2|0|25||1.1|20|21|0.5|0.6|0|25||1.1|60|74|1.6|1.9|0|25||1.1|70|98|1.8|2.6|0|25||1.1|10|18|0.3|0.5|0|25||1.1
9700000US2508820|North Reading School District, MA|2508820|2018-2022|101|2715|369|2440|377|89.9|5.7|275|156|10.1|5.7|95|82|3.5|3|35|43|1.3|1.6|0|21||1.6|205|144|7.6|5.2|75|75|2.8|2.7|35|45|1.3|1.7|20|34|0.7|1.3|0|21||1.6|0|21||1.6
9700000US2508850|Northampton School District, MA|2508850|2018-2022|101|3525|371|3125|361|88.7|4.2|400|156|11.3|4.2|175|120|5|3.4|305|136|8.7|3.7|155|117|4.4|3.3|70|53|2|1.5|10|15|0.3|0.4|20|28|0.6|0.8|4|14|0.1|0.5|4|7|0.1|0.2|0|25||1.2
9500000US2508880|Northborough School District, MA|2508880|2018-2022|101|3045|353|2615|365|85.9|5.4|425|165|14|5.4|90|78|3|2.6|35|38|1.1|1.2|15|28|0.5|0.9|230|153|7.6|5|55|68|1.8|2.2|160|75|5.3|2.5|20|30|0.7|1|0|21||1.4|0|21||1.4
9600000US2508910|Northborough-Southborough School District, MA|2508910|2018-2022|101|5165|409|4360|427|84.4|4.2|805|219|15.6|4.2|140|90|2.7|1.8|95|64|1.8|1.3|40|43|0.8|0.9|350|180|6.8|3.4|65|69|1.3|1.3|360|135|7|2.7|40|41|0.8|0.8|0|25||0.8|0|25||0.8
9700000US2508940|Northbridge School District, MA|2508940|2018-2022|101|2800|353|2555|336|91.3|4.9|245|141|8.8|4.9|40|44|1.4|1.6|130|108|4.6|3.7|0|21||1.5|30|33|1.1|1.2|25|29|0.9|1|50|78|1.8|2.8|0|21||1.5|30|61|1.1|2.2|15|29|0.5|1
9700000US2509000|Norton School District, MA|2509000|2018-2022|101|3140|408|3080|412|98.1|1.6|60|48|1.9|1.6|25|36|0.8|1.2|15|21|0.5|0.7|0|21||1.3|30|39|1|1.3|25|36|0.8|1.2|0|21||1.3|0|21||1.3|15|23|0.5|0.7|0|21||1.3
9700000US2509030|Norwell School District, MA|2509030|2018-2022|101|2500|304|2320|291|92.8|4|180|105|7.2|4|60|53|2.4|2|70|62|2.8|2.3|60|53|2.4|2|80|69|3.2|2.8|0|21||1.7|25|41|1|1.7|0|21||1.7|0|21||1.7|0|21||1.7
9700000US2509060|Norwood School District, MA|2509060|2018-2022|101|4555|456|3355|398|73.7|7.4|1200|388|26.3|7.4|325|201|7.1|4.2|435|283|9.5|5.9|80|78|1.8|1.7|470|202|10.3|4.1|240|183|5.3|3.9|165|136|3.6|2.9|4|6|0.1|0.1|130|163|2.9|3.6|0|29||0.9
9600000US2509150|Old Rochester School District, MA|2509150|2018-2022|101|2780|346|2735|349|98.4|1.7|50|44|1.8|1.6|0|21||1.5|10|16|0.4|0.6|0|21||1.5|40|42|1.4|1.5|0|21||1.5|0|21||1.5|0|21||1.5|0|21||1.5|0|21||1.5
9500000US2509180|Orange School District, MA|2509180|2018-2022|101|1205|224|1130|226|93.8|4.5|75|53|6.2|4.5|4|11|0.3|1.2|75|53|6.2|4.5|4|11|0.3|1.2|0|19||3.5|0|19||3.5|0|19||3.5|0|19||3.5|0|19||3.5|0|19||3.5
9700000US2509270|Oxford School District, MA|2509270|2018-2022|101|2060|328|1835|322|89.1|9.7|225|207|10.9|9.7|0|21||2|55|89|2.7|4.3|0|21||2|165|193|8|9.1|0|21||2|0|21||2|0|21||2|0|21||2|0|21||2
9700000US2509300|Palmer School District, MA|2509300|2018-2022|101|1705|305|1615|292|94.7|5.1|85|89|5|5.1|50|56|2.9|3.3|0|21||2.5|0|21||2.5|20|32|1.2|1.9|20|32|1.2|1.9|65|84|3.8|4.8|30|47|1.8|2.7|0|21||2.5|0|21||2.5
9700000US2509360|Peabody School District, MA|2509360|2018-2022|101|6935|681|5415|604|78.1|5.7|1520|445|21.9|5.7|390|249|5.6|3.4|590|296|8.5|4|305|238|4.4|3.3|865|334|12.5|4.6|80|70|1.2|1|0|32||0.6|0|32||0.6|65|63|0.9|0.9|0|32||0.6
9500000US2509390|Pelham School District, MA|2509390|2018-2022|101|225|81|200|78|88.9|10.7|25|26|11.1|10.7|10|14|4.4|6.2|20|25|8.9|10.4|10|14|4.4|6.2|0|14||17.1|0|14||17.1|0|14||17.1|0|14||17.1|4|6|1.8|2.5|0|14||17.1
9700000US2509420|Pembroke School District, MA|2509420|2018-2022|101|2765|286|2640|297|95.5|3.3|125|90|4.5|3.3|20|24|0.7|0.9|30|30|1.1|1.1|15|22|0.5|0.8|85|84|3.1|3.1|0|21||1.5|10|15|0.4|0.6|4|9|0.1|0.4|0|21||1.5|0|21||1.5
9700000US2509450|Pentucket School District, MA|2509450|2018-2022|101|2600|386|2555|391|98.3|2|45|49|1.7|2|30|36|1.2|1.4|25|35|1|1.4|10|13|0.4|0.6|0|21||1.6|0|21||1.6|20|34|0.8|1.3|20|34|0.8|1.3|0|21||1.6|0|21||1.6
9700000US2509600|Pioneer Valley School District, MA|2509600|2018-2022|101|885|150|870|150|98.3|1.7|15|15|1.7|1.7|4|9|0.5|1.3|4|12|0.5|1.6|0|19||4.7|4|11|0.5|1.8|4|8|0.5|0.9|4|4|0.5|1.1|4|4|0.5|1.1|0|19||4.7|0|19||4.7
9700000US2509630|Pittsfield School District, MA|2509630|2018-2022|101|5785|448|5275|512|91.2|3.8|505|215|8.7|3.8|75|66|1.3|1.2|280|151|4.8|2.7|40|53|0.7|0.9|40|50|0.7|0.9|0|29||0.7|50|64|0.9|1.1|15|26|0.3|0.4|140|113|2.4|2|15|25|0.3|0.4
9500000US2509690|Plainville School District, MA|2509690|2018-2022|101|1225|285|1025|260|83.7|12.1|200|159|16.3|12.1|120|177|9.8|13.9|120|177|9.8|13.9|120|177|9.8|13.9|80|98|6.5|8.2|0|19||3.4|0|19||3.4|0|19||3.4|0|19||3.4|0|19||3.4
9700000US2509720|Plymouth School District, MA|2509720|2018-2022|101|8210|667|7580|695|92.3|3.2|625|262|7.6|3.2|120|100|1.5|1.2|165|154|2|1.9|0|32||0.5|295|170|3.6|2.1|95|97|1.2|1.2|120|94|1.5|1.2|25|35|0.3|0.4|45|81|0.5|1|0|32||0.5
9500000US2509780|Plympton School District, MA|2509780|2018-2022|101|520|93|520|93|100|7.8|0|14||7.8|0|14||7.8|0|14||7.8|0|14||7.8|0|14||7.8|0|14||7.8|0|14||7.8|0|14||7.8|0|14||7.8|0|14||7.8
9700000US2500001|Quabbin School District, MA|2500001|2018-2022|101|2500|298|2385|309|95.4|2.6|115|62|4.6|2.6|4|8|0.2|0.3|110|62|4.4|2.6|4|8|0.2|0.3|4|8|0.2|0.4|0|21||1.7|0|21||1.7|0|21||1.7|0|21||1.7|0|21||1.7
9700000US2512100|Quaboag Regional School District, MA|2512100|2018-2022|101|1260|387|1245|387|98.8|1.8|15|22|1.2|1.8|0|19||3.3|0|19||3.3|0|19||3.3|15|22|1.2|1.8|0|19||3.3|0|19||3.3|0|19||3.3|0|19||3.3|0|19||3.3
9700000US2509870|Quincy School District, MA|2509870|2018-2022|101|10395|643|6515|645|62.7|4.3|3880|471|37.3|4.3|1495|398|14.4|3.8|170|104|1.6|1|60|69|0.6|0.7|765|226|7.4|2.1|210|115|2|1.1|2840|398|27.3|3.8|1215|370|11.7|3.6|110|84|1.1|0.8|15|24|0.1|0.2
9600000US2509900|Ralph C. Mahar School District, MA|2509900|2018-2022|101|1580|229|1500|236|94.9|3.5|80|53|5.1|3.5|10|12|0.6|0.8|75|53|4.7|3.5|4|11|0.3|0.9|4|4|0.3|0.3|4|4|0.3|0.3|4|9|0.3|0.6|0|21||2.7|0|21||2.7|0|21||2.7
9700000US2509930|Randolph School District, MA|2509930|2018-2022|101|5185|744|3920|671|75.6|6.2|1265|350|24.4|6.2|285|159|5.5|3.2|290|119|5.6|2.2|55|60|1.1|1.2|455|219|8.8|4.4|130|119|2.5|2.4|440|202|8.5|3.7|100|95|1.9|1.8|80|103|1.5|1.9|0|29||0.8
9700000US2509990|Reading School District, MA|2509990|2018-2022|101|4885|468|4345|514|88.9|6.5|540|324|11.1|6.5|70|96|1.4|2|95|98|1.9|2.1|50|89|1|1.8|200|130|4.1|2.7|15|28|0.3|0.6|245|310|5|6.3|0|25||0.9|0|25||0.9|0|25||0.9
9700000US2510050|Revere School District, MA|2510050|2018-2022|101|8660|745|3145|583|36.3|6.6|5515|810|63.7|6.6|1845|559|21.3|6|4000|741|46.2|7.1|1525|543|17.6|5.9|895|412|10.3|4.5|145|113|1.7|1.3|235|145|2.7|1.7|120|89|1.4|1|390|210|4.5|2.4|55|100|0.6|1.1
9500000US2510140|Rochester School District, MA|2510140|2018-2022|101|1040|202|1010|196|97.1|3.1|25|32|2.4|3.1|0|19||4|10|16|1|1.5|0|19||4|15|28|1.4|2.7|0|19||4|0|19||4|0|19||4|0|19||4|0|19||4
9700000US2510170|Rockland School District, MA|2510170|2018-2022|101|2550|425|2165|369|84.9|11.6|390|327|15.3|11.7|45|68|1.8|2.7|65|87|2.5|3.4|45|68|1.8|2.7|90|76|3.5|3.2|0|21||1.7|10|19|0.4|0.8|0|21||1.7|220|321|8.6|11.8|0|21||1.7
9700000US2510200|Rockport School District, MA|2510200|2018-2022|101|720|191|705|189|97.9|3.4|15|25|2.1|3.4|0|19||5.7|15|25|2.1|3.4|0|19||5.7|0|19||5.7|0|19||5.7|0|19||5.7|0|19||5.7|0|19||5.7|0|19||5.7
9700000US2510380|Salem School District, MA|2510380|2018-2022|101|4895|597|3775|552|77.1|7.7|1125|415|23|7.7|205|152|4.2|3.2|605|371|12.4|7|75|70|1.5|1.4|380|193|7.8|4.1|125|130|2.6|2.7|70|84|1.4|1.7|0|29||0.9|70|100|1.4|2.1|0|29||0.9
9700000US2510470|Sandwich School District, MA|2510470|2018-2022|101|2890|298|2760|306|95.5|3.6|130|106|4.5|3.6|4|10|0.1|0.3|55|68|1.9|2.4|4|10|0.1|0.3|75|94|2.6|3.3|0|25||1.5|0|25||1.5|0|25||1.5|0|25||1.5|0|25||1.5
9700000US2510500|Saugus School District, MA|2510500|2018-2022|101|3770|567|2630|516|69.8|10.2|1145|431|30.4|10.2|95|80|2.5|2.1|525|377|13.9|9.4|50|65|1.3|1.7|375|175|9.9|4.6|40|45|1.1|1.2|145|121|3.8|3.2|0|25||1.1|100|96|2.7|2.6|0|25||1.1
9700000US2510560|Scituate School District, MA|2510560|2018-2022|101|3415|358|3210|375|94|3.7|205|124|6|3.7|25|44|0.7|1.3|25|44|0.7|1.3|25|44|0.7|1.3|130|99|3.8|3|0|21||1.2|50|65|1.5|1.9|0|21||1.2|0|21||1.2|0|21||1.2
9700000US2510590|Seekonk School District, MA|2510590|2018-2022|101|2495|383|2360|414|94.6|5.1|140|121|5.6|5.1|0|21||1.7|0|21||1.7|0|21||1.7|140|121|5.6|5.1|0|21||1.7|0|21||1.7|0|21||1.7|0|21||1.7|0|21||1.7
9700000US2510620|Sharon School District, MA|2510620|2018-2022|101|3875|439|3110|437|80.3|5.4|760|214|19.6|5.4|40|45|1|1.2|35|35|0.9|1|4|12|0.1|0.4|460|175|11.9|4.3|10|17|0.3|0.4|200|107|5.2|2.8|25|40|0.6|1|65|68|1.7|1.8|0|21||1.1
9500000US2510710|Sherborn School District, MA|2510710|2018-2022|101|1010|143|830|149|82.2|10.4|180|111|17.8|10.4|55|60|5.4|6|0|14||4.1|0|14||4.1|90|86|8.9|8|0|14||4.1|90|69|8.9|7.1|55|60|5.4|6|0|14||4.1|0|14||4.1
9700000US2510770|Shrewsbury School District, MA|2510770|2018-2022|101|7530|560|4800|521|63.7|6.1|2725|542|36.2|6.2|300|150|4|2|375|348|5|4.5|0|29||0.6|935|327|12.4|4.3|155|113|2.1|1.5|1255|371|16.7|4.7|90|81|1.2|1.1|160|96|2.1|1.3|50|59|0.7|0.8
9500000US2510800|Shutesbury School District, MA|2510800|2018-2022|101|175|55|170|55|97.1|4.5|4|5|2.3|3.1|0|14||21.4|4|5|2.3|3.1|0|14||21.4|0|14||21.4|0|14||21.4|0|14||21.4|0|14||21.4|0|14||21.4|0|14||21.4
9600000US2510830|Silver Lake School District, MA|2510830|2018-2022|101|4165|526|3955|519|95|5.7|210|241|5|5.7|0|25||1|25|33|0.6|0.8|0|25||1|185|241|4.4|5.7|0|25||1|0|25||1|0|25||1|0|25||1|0|25||1
9500000US2510860|Somerset School District, MA|2510860|2018-2022|101|2810|327|2580|306|91.8|4.8|230|143|8.2|4.8|0|21||1.5|0|21||1.5|0|21||1.5|145|113|5.2|4|0|21||1.5|0|21||1.5|0|21||1.5|85|90|3|3.1|0|21||1.5
9600000US2500541|Somerset-Berkley School District, MA|2500541|2018-2022|101|4005|409|3775|401|94.3|3.5|230|143|5.7|3.5|0|25||1.1|4|6|0.1|0.3|0|25||1.1|145|113|3.6|2.8|0|25||1.1|0|25||1.1|0|25||1.1|85|90|2.1|2.2|0|25||1.1
9700000US2510890|Somerville School District, MA|2510890|2018-2022|101|5525|789|3180|472|57.6|7|2345|601|42.4|7|320|149|5.8|2.7|1290|366|23.3|5.6|105|81|1.9|1.4|980|377|17.7|5.3|175|101|3.2|1.9|75|48|1.4|0.8|40|35|0.7|0.7|4|24|0.1|0.4|0|32||0.8
9700000US2510920|South Hadley School District, MA|2510920|2018-2022|101|2145|253|2060|258|96|3|85|64|4|3|20|36|0.9|1.7|40|43|1.9|2|20|36|0.9|1.7|0|21||2|0|21||2|45|50|2.1|2.3|0|21||2|0|21||2|0|21||2
9500000US2510950|Southampton School District, MA|2510950|2018-2022|101|835|161|740|146|88.6|11.5|95|102|11.4|11.5|40|60|4.8|6.9|30|35|3.6|4.1|0|19||5|0|19||5|0|19||5|65|95|7.8|10.9|40|60|4.8|6.9|0|19||5|0|19||5
9500000US2510980|Southborough School District, MA|2510980|2018-2022|101|2120|207|1745|221|82.3|6.8|380|146|17.9|6.7|50|50|2.4|2.4|60|55|2.8|2.6|20|35|0.9|1.7|120|89|5.7|4.2|10|18|0.5|0.8|200|107|9.4|5|20|31|0.9|1.4|0|21||2|0|21||2
9700000US2511010|Southbridge School District, MA|2511010|2018-2022|101|3100|377|2030|390|65.5|8.7|1070|284|34.5|8.7|260|171|8.4|5.4|1010|272|32.6|8.3|260|171|8.4|5.4|35|76|1.1|2.5|0|21||1.4|4|8|0.1|0.3|0|21||1.4|20|29|0.6|0.9|0|21||1.4
9700000US2511040|Southern Berkshire School District, MA|2511040|2018-2022|101|795|161|765|150|96.2|2.8|30|25|3.8|2.8|25|24|3.1|2.7|10|20|1.3|2.5|10|20|1.3|2.5|10|12|1.3|1.8|10|12|1.3|1.8|4|7|0.5|1|0|19||5.2|0|19||5.2|0|19||5.2
9700000US2500013|Southwick-Tolland-Granville Regional School District, MA|2500013|2018-2022|101|1750|190|1620|213|92.6|6.2|130|109|7.4|6.2|40|46|2.3|2.6|10|10|0.6|0.7|0|21||2.4|85|100|4.9|5.7|25|49|1.4|2.8|35|43|2|2.5|10|21|0.6|1.3|0|21||2.4|0|21||2.4
9700000US2500002|Spencer-East Brookfield School District, MA|2500002|2018-2022|101|1935|386|1900|384|98.2|2.5|35|47|1.8|2.5|15|21|0.8|1.1|35|47|1.8|2.5|15|21|0.8|1.1|0|21||2.2|0|21||2.2|0|21||2.2|0|21||2.2|0|21||2.2|0|21||2.2
9700000US2511130|Springfield School District, MA|2511130|2018-2022|101|28860|805|17755|1077|61.5|3.4|11105|1047|38.5|3.4|2420|540|8.4|1.9|9610|910|33.3|3|1905|447|6.6|1.6|395|188|1.4|0.6|120|131|0.4|0.4|360|123|1.2|0.4|120|95|0.4|0.3|740|488|2.6|1.7|270|272|0.9|0.9
9700000US2511220|Stoneham School District, MA|2511220|2018-2022|101|3160|475|2610|414|82.6|6.5|545|234|17.2|6.6|185|119|5.9|3.6|75|80|2.4|2.5|45|69|1.4|2.2|200|117|6.3|3.7|30|44|0.9|1.4|130|109|4.1|3.4|65|81|2.1|2.5|145|153|4.6|4.6|45|71|1.4|2.2
9700000US2511250|Stoughton School District, MA|2511250|2018-2022|101|4360|484|3435|438|78.8|7|925|346|21.2|7|400|314|9.2|6.8|140|104|3.2|2.4|25|25|0.6|0.6|590|319|13.5|6.8|340|306|7.8|6.7|100|77|2.3|1.7|40|37|0.9|0.9|95|68|2.2|1.5|0|25||1
9500000US2511310|Sturbridge School District, MA|2511310|2018-2022|101|1925|254|1820|266|94.5|4.8|105|91|5.5|4.8|20|22|1|1.2|50|66|2.6|3.5|10|17|0.5|0.9|30|49|1.6|2.5|0|19||2.2|30|37|1.6|1.9|10|15|0.5|0.8|0|19||2.2|0|19||2.2
9500000US2511340|Sudbury School District, MA|2511340|2018-2022|101|4290|417|3860|422|90|3.1|430|130|10|3.1|10|20|0.2|0.5|30|30|0.7|0.7|0|21||1|195|94|4.5|2.2|0|21||1|205|112|4.8|2.6|10|20|0.2|0.5|0|21||1|0|21||1
9700000US2511400|Sutton School District, MA|2511400|2018-2022|101|1335|229|1285|238|96.3|5.2|50|69|3.7|5.2|0|19||3.1|50|69|3.7|5.2|0|19||3.1|0|19||3.1|0|19||3.1|0|19||3.1|0|19||3.1|0|19||3.1|0|19||3.1
9700000US2511430|Swampscott School District, MA|2511430|2018-2022|101|2240|248|1705|253|76.1|10|535|245|23.9|10|40|41|1.8|1.8|140|104|6.3|4.6|10|12|0.4|0.6|360|210|16.1|8.8|35|38|1.6|1.7|35|41|1.6|1.8|0|21||1.9|0|21||1.9|0|21||1.9
9700000US2511460|Swansea School District, MA|2511460|2018-2022|101|2555|322|2275|386|89|8.2|280|207|11|8.2|0|21||1.6|200|206|7.8|8.1|0|21||1.6|80|68|3.1|2.8|0|21||1.6|0|21||1.6|0|21||1.6|0|21||1.6|0|21||1.6
9600000US2511490|Tantasqua School District, MA|2511490|2018-2022|101|3695|373|3535|385|95.7|2.9|160|106|4.3|2.9|20|22|0.5|0.6|95|85|2.6|2.3|10|17|0.3|0.5|35|50|0.9|1.4|0|25||1.1|30|37|0.8|1|10|15|0.3|0.4|0|25||1.1|0|25||1.1
9700000US2511520|Taunton School District, MA|2511520|2018-2022|101|9435|698|7965|686|84.4|3.8|1470|372|15.6|3.8|110|84|1.2|0.9|330|138|3.5|1.5|10|15|0.1|0.2|920|313|9.8|3.2|100|83|1.1|0.9|220|196|2.3|2.1|0|32||0.4|0|32||0.4|0|32||0.4
9700000US2511580|Tewksbury School District, MA|2511580|2018-2022|101|3655|451|3355|448|91.8|4.2|300|158|8.2|4.2|55|59|1.5|1.6|115|151|3.1|4.2|55|59|1.5|1.6|150|107|4.1|2.9|0|29||1.2|25|30|0.7|0.8|0|29||1.2|10|15|0.3|0.4|0|29||1.2
9500000US2511670|Topsfield School District, MA|2511670|2018-2022|101|1185|224|1170|219|98.7|2.1|15|25|1.3|2.1|0|19||3.5|0|19||3.5|0|19||3.5|15|25|1.3|2.1|0|19||3.5|0|19||3.5|0|19||3.5|0|19||3.5|0|19||3.5
9700000US2511740|Triton School District, MA|2511740|2018-2022|101|3045|469|2955|464|97|2.8|90|88|3|2.8|30|30|1|1|50|75|1.6|2.4|10|15|0.3|0.5|40|43|1.3|1.4|20|25|0.7|0.8|0|25||1.4|0|25||1.4|0|25||1.4|0|25||1.4
9700000US2511760|Tyngsborough School District, MA|2511760|2018-2022|101|1960|355|1710|348|87.2|7.4|250|148|12.8|7.4|15|26|0.8|1.3|40|50|2|2.6|0|21||2.1|85|87|4.3|4.5|15|26|0.8|1.3|125|116|6.4|5.8|0|21||2.1|0|21||2.1|0|21||2.1
9700000US2511850|Uxbridge School District, MA|2511850|2018-2022|101|2115|535|2105|532|99.5|0.7|10|14|0.5|0.7|10|14|0.5|0.7|10|14|0.5|0.7|10|14|0.5|0.7|0|21||2|0|21||2|0|21||2|0|21||2|0|21||2|0|21||2
9700000US2511880|Wachusett School District, MA|2511880|2018-2022|101|8445|577|7595|609|89.9|3.2|855|271|10.1|3.2|50|44|0.6|0.5|220|117|2.6|1.4|50|44|0.6|0.5|390|189|4.6|2.2|0|29||0.5|150|158|1.8|1.9|0|29||0.5|95|90|1.1|1.1|0|29||0.5
9700000US2511910|Wakefield School District, MA|2511910|2018-2022|101|3810|452|3485|428|91.5|3.7|325|148|8.5|3.7|25|34|0.7|0.9|85|108|2.2|2.8|0|25||1.1|135|74|3.5|1.9|25|34|0.7|0.9|50|48|1.3|1.2|0|25||1.1|55|59|1.4|1.6|0|25||1.1
9500000US2511940|Wales School District, MA|2511940|2018-2022|101|350|120|350|120|100|11.4|0|14||11.4|0|14||11.4|0|14||11.4|0|14||11.4|0|14||11.4|0|14||11.4|0|14||11.4|0|14||11.4|0|14||11.4|0|14||11.4
9700000US2511970|Walpole School District, MA|2511970|2018-2022|101|5530|464|4735|453|85.6|5.1|795|297|14.4|5.1|100|77|1.8|1.4|135|108|2.4|2|0|25||0.8|570|282|10.3|4.8|55|67|1|1.2|65|55|1.2|1|45|51|0.8|0.9|30|49|0.5|0.9|0|25||0.8
9700000US2512000|Waltham School District, MA|2512000|2018-2022|101|5570|563|3895|517|69.9|6|1675|370|30.1|6|325|177|5.8|2.9|1050|332|18.9|5.6|220|148|3.9|2.6|500|173|9|3.2|25|28|0.4|0.5|125|97|2.2|1.7|85|80|1.5|1.4|0|32||0.8|0|32||0.8
9700000US2512030|Ware School District, MA|2512030|2018-2022|101|1675|369|1610|369|96.1|4.4|65|73|3.9|4.4|0|21||2.5|50|67|3|4.1|0|21||2.5|15|26|0.9|1.7|0|21||2.5|0|21||2.5|0|21||2.5|0|21||2.5|0|21||2.5
9700000US2512060|Wareham School District, MA|2512060|2018-2022|101|2795|462|2485|403|88.9|9.9|315|299|11.3|9.9|0|25||1.5|25|40|0.9|1.4|0|25||1.5|255|290|9.1|9.8|0|25||1.5|35|39|1.3|1.4|0|25||1.5|0|25||1.5|0|25||1.5
9700000US2512180|Watertown School District, MA|2512180|2018-2022|101|3590|551|2345|362|65.3|9.7|1240|468|34.5|9.7|240|194|6.7|5.2|415|260|11.6|6.7|60|64|1.7|1.8|470|306|13.1|8.1|60|78|1.7|2.2|70|83|1.9|2.3|0|29||1.2|280|344|7.8|9.2|125|165|3.5|4.5
9700000US2512210|Wayland School District, MA|2512210|2018-2022|101|2750|223|2365|223|86|5.7|385|166|14|5.7|60|45|2.2|1.6|65|83|2.4|2.9|10|22|0.4|0.8|155|95|5.6|3.3|40|38|1.5|1.4|105|56|3.8|2|0|21||1.5|55|58|2|2.2|10|17|0.4|0.6
9700000US2512240|Webster School District, MA|2512240|2018-2022|101|2990|423|2595|429|86.8|5.4|395|159|13.2|5.4|15|27|0.5|0.9|320|152|10.7|5.1|15|27|0.5|0.9|50|43|1.7|1.5|0|21||1.4|0|21||1.4|0|21||1.4|25|40|0.8|1.3|0|21||1.4
9700000US2512270|Wellesley School District, MA|2512270|2018-2022|101|6200|328|5365|369|86.5|3.1|835|193|13.5|3.1|105|75|1.7|1.2|160|85|2.6|1.4|0|25||0.7|260|107|4.2|1.8|65|66|1|1.1|330|113|5.3|1.8|40|34|0.6|0.6|85|75|1.4|1.2|0|25||0.7
9700000US2512390|West Boylston School District, MA|2512390|2018-2022|101|960|245|885|212|92.2|5.4|75|62|7.8|5.4|0|19||4.3|60|56|6.3|5.2|0|19||4.3|15|25|1.6|2.4|0|19||4.3|0|19||4.3|0|19||4.3|0|19||4.3|0|19||4.3
9700000US2512420|West Bridgewater School District, MA|2512420|2018-2022|101|1315|192|1210|217|92|8.9|105|116|8|8.9|70|96|5.3|7.3|20|35|1.5|2.7|0|19||3.2|85|97|6.5|7.5|70|96|5.3|7.3|0|19||3.2|0|19||3.2|0|19||3.2|0|19||3.2
9700000US2512510|West Springfield School District, MA|2512510|2018-2022|101|4050|460|2800|475|69.1|10.3|1250|462|30.9|10.3|120|130|3|3.1|240|162|5.9|3.8|55|93|1.4|2.2|505|266|12.5|6.3|55|87|1.4|2.2|170|165|4.2|4|4|11|0.1|0.3|330|360|8.1|8.8|0|25||1
9700000US2512600|Westborough School District, MA|2512600|2018-2022|101|4270|335|2945|363|69|6.2|1320|278|30.9|6.2|155|86|3.6|2|240|126|5.6|2.9|40|47|0.9|1.1|615|213|14.4|4.9|75|70|1.8|1.6|290|124|6.8|2.9|25|34|0.6|0.8|175|142|4.1|3.3|15|21|0.4|0.5
9700000US2512630|Westfield School District, MA|2512630|2018-2022|101|6295|632|4885|560|77.6|5.2|1405|368|22.3|5.2|535|266|8.5|4.1|515|271|8.2|4.1|130|109|2.1|1.7|840|294|13.3|4.5|355|236|5.6|3.7|50|82|0.8|1.3|50|82|0.8|1.3|0|29||0.7|0|29||0.7
9700000US2512660|Westford School District, MA|2512660|2018-2022|101|5680|367|4250|399|74.8|6.3|1435|390|25.3|6.3|135|92|2.4|1.6|240|320|4.2|5.6|0|25||0.7|490|173|8.6|3.2|35|43|0.6|0.8|585|264|10.3|4.5|55|53|1|0.9|115|98|2|1.7|45|66|0.8|1.2
9500000US2512690|Westhampton School District, MA|2512690|2018-2022|101|225|61|225|61|100|17.1|0|14||17.1|0|14||17.1|0|14||17.1|0|14||17.1|0|14||17.1|0|14||17.1|0|14||17.1|0|14||17.1|0|14||17.1|0|14||17.1
9700000US2512750|Weston School District, MA|2512750|2018-2022|101|2505|326|2040|359|81.4|7.6|470|180|18.8|7.6|45|47|1.8|2|55|56|2.2|2.3|0|21||1.7|285|164|11.4|6.7|25|37|1|1.6|110|70|4.4|2.9|25|29|1|1.2|15|24|0.6|1|0|21||1.7
9700000US2512780|Westport School District, MA|2512780|2018-2022|101|2240|292|2045|282|91.3|7.7|195|180|8.7|7.7|20|32|0.9|1.4|20|32|0.9|1.4|20|32|0.9|1.4|175|179|7.8|7.7|0|21||1.9|0|21||1.9|0|21||1.9|0|21||1.9|0|21||1.9
9700000US2512810|Westwood School District, MA|2512810|2018-2022|101|3575|385|3085|390|86.3|4.8|490|173|13.7|4.8|60|43|1.7|1.2|20|19|0.6|0.6|10|12|0.3|0.4|180|89|5|2.5|40|47|1.1|1.3|255|141|7.1|3.9|10|15|0.3|0.4|35|40|1|1.1|0|21||1.2
9700000US2512840|Weymouth School District, MA|2512840|2018-2022|101|7095|868|6325|870|89.1|4|770|282|10.9|4|90|72|1.3|1|250|193|3.5|2.8|25|39|0.4|0.5|230|140|3.2|2|10|20|0.1|0.3|215|146|3|2.1|45|57|0.6|0.8|70|56|1|0.7|15|21|0.2|0.3
9500000US2512870|Whately School District, MA|2512870|2018-2022|101|285|90|280|90|98.2|2.8|4|7|1.4|2.5|0|14||13.8|0|14||13.8|0|14||13.8|4|7|1.4|2.5|0|14||13.8|0|14||13.8|0|14||13.8|0|14||13.8|0|14||13.8
9700000US2512930|Whitman-Hanson School District, MA|2512930|2018-2022|101|4390|430|3870|428|88.2|5.7|520|259|11.8|5.7|90|78|2.1|1.8|70|60|1.6|1.4|0|25||1|390|263|8.9|5.8|80|77|1.8|1.8|10|16|0.2|0.4|10|16|0.2|0.4|50|43|1.1|1|0|25||1
9500000US2512990|Williamsburg School District, MA|2512990|2018-2022|101|395|115|375|119|94.9|4.8|20|17|5.1|4.8|0|14||10.2|0|14||10.2|0|14||10.2|20|17|5.1|4.8|0|14||10.2|0|14||10.2|0|14||10.2|0|14||10.2|0|14||10.2
9700000US2513050|Wilmington School District, MA|2513050|2018-2022|101|4070|446|3765|443|92.5|4.5|305|190|7.5|4.5|10|12|0.2|0.3|15|23|0.4|0.6|0|25||1|145|154|3.6|3.7|10|12|0.2|0.3|145|107|3.6|2.7|0|25||1|0|25||1|0|25||1
9700000US2513080|Winchendon School District, MA|2513080|2018-2022|101|1870|302|1545|343|82.6|12|320|226|17.1|12|0|21||2.2|35|33|1.9|1.8|0|21||2.2|15|28|0.8|1.6|0|21||2.2|210|188|11.2|10|0|21||2.2|60|92|3.2|4.9|0|21||2.2
9700000US2513110|Winchester School District, MA|2513110|2018-2022|101|5085|270|3835|326|75.4|5.1|1250|267|24.6|5.1|105|56|2.1|1.1|120|90|2.4|1.8|0|25||0.8|665|207|13.1|4|40|44|0.8|0.9|465|124|9.1|2.4|60|39|1.2|0.8|0|25||0.8|0|25||0.8
9700000US2513170|Winthrop School District, MA|2513170|2018-2022|101|2575|358|1605|306|62.3|12.3|975|389|37.9|12.3|60|68|2.3|2.7|485|301|18.8|10.8|4|14|0.2|0.6|400|267|15.5|9.4|35|54|1.4|2.1|35|38|1.4|1.5|25|32|1|1.3|50|98|1.9|3.9|0|21||1.6
9700000US2513200|Woburn School District, MA|2513200|2018-2022|101|5475|584|4390|537|80.2|5.6|1085|334|19.8|5.6|320|247|5.8|4.3|280|135|5.1|2.5|145|116|2.6|2.1|585|311|10.7|5.3|155|232|2.8|4.1|120|85|2.2|1.6|20|32|0.4|0.6|105|89|1.9|1.7|0|29||0.8
9700000US2513230|Worcester School District, MA|2513230|2018-2022|101|29950|1096|16900|1207|56.4|3.6|13050|1200|43.6|3.6|3560|610|11.9|2|7695|926|25.7|2.9|2005|523|6.7|1.7|2140|578|7.1|1.9|725|295|2.4|1|950|235|3.2|0.8|255|118|0.9|0.4|2265|704|7.6|2.4|575|299|1.9|1
9500000US2513290|Wrentham School District, MA|2513290|2018-2022|101|1850|193|1755|178|94.9|3.1|95|60|5.1|3.1|10|19|0.5|1|20|16|1.1|1|0|21||2.3|55|50|3|2.6|10|19|0.5|1|10|13|0.5|0.7|0|21||2.3|10|16|0.5|0.8|0|21||2.3
