GeoId|Geography|LEAID|Year|Iteration|CDP02_53est|CDP02_53moe|CDP02_54est|CDP02_54moe|CDP02_54pct|CDP02_54pctmoe|CDP02_55est|CDP02_55moe|CDP02_55pct|CDP02_55pctmoe|CDP02_56est|CDP02_56moe|CDP02_56pct|CDP02_56pctmoe|CDP02_57est|CDP02_57moe|CDP02_57pct|CDP02_57pctmoe|CDP02_58est|CDP02_58moe|CDP02_58pct|CDP02_58pctmoe|CDP02_59est|CDP02_59moe|CDP02_59pct|CDP02_59pctmoe|CDP02_60est|CDP02_60moe|CDP02_60pct|CDP02_60pctmoe|CDP02_61est|CDP02_61moe|CDP02_61pct|CDP02_61pctmoe|CDP02_62est|CDP02_62moe|CDP02_62pct|CDP02_62pctmoe|CDP02_63est|CDP02_63moe|CDP02_63pct|CDP02_63pctmoe|CDP02_64est|CDP02_64moe|CDP02_64pct|CDP02_64pctmoe
9500000US2302510|Appleton, ME|2302510|2018-2022|101|255|80|255|80|100|10.2|4|3|1.6|3.3|0|11||10.2|0|11||10.2|0|11||10.2|0|11||10.2|0|11||10.2|0|11||10.2|0|11||10.2|4|3|1.6|3.3|0|11||10.2
9700000US2382001|Aroostook Unorganized Territory, ME|2382001|2018-2022|101|315|209|175|67|55.6|42.5|140|204|44.4|42.5|0|11||8.4|0|11||8.4|0|11||8.4|140|204|44.4|42.5|0|11||8.4|0|11||8.4|0|11||8.4|0|11||8.4|0|11||8.4
9700000US2302610|Auburn, ME|2302610|2018-2022|101|4095|421|4045|428|98.8|1.3|55|48|1.3|1.1|10|16|0.2|0.4|30|39|0.7|0.9|0|20||0.7|25|24|0.6|0.6|10|16|0.2|0.4|0|20||0.7|0|20||0.7|0|20||0.7|0|20||0.7
9700000US2302640|Augusta, ME|2302640|2018-2022|101|2210|386|2160|391|97.7|2.4|50|51|2.3|2.4|10|20|0.5|1|4|9|0.2|0.4|0|17||1.2|30|46|1.4|2.2|10|20|0.5|1|0|17||1.2|0|17||1.2|15|21|0.7|1|0|17||1.2
9700000US2302820|Bangor, ME|2302820|2018-2022|101|4155|517|3770|550|90.7|4|380|155|9.1|4|110|75|2.6|1.9|65|72|1.6|1.8|15|24|0.4|0.6|110|85|2.6|2.1|10|16|0.2|0.4|75|49|1.8|1.3|10|20|0.2|0.5|130|102|3.1|2.5|75|73|1.8|1.8
9700000US2303150|Biddeford, ME|2303150|2018-2022|101|2540|441|2485|449|97.8|2.2|50|57|2|2.3|20|38|0.8|1.6|0|20||1.1|0|20||1.1|30|42|1.2|1.7|20|38|0.8|1.6|4|7|0.2|0.3|0|20||1.1|15|33|0.6|1.4|0|20||1.1
9700000US2303290|Boothbay-Boothbay Harbor Community School District, ME|2303290|2018-2022|101|480|123|480|123|100|5.6|0|15||5.6|0|15||5.6|0|15||5.6|0|15||5.6|0|15||5.6|0|15||5.6|0|15||5.6|0|15||5.6|0|15||5.6|0|15||5.6
9600000US2303480|Bremen, ME|2303480|2018-2022|101|125|57|125|57|100|19.6|4|3|3.2|7.2|0|11||19.6|0|11||19.6|0|11||19.6|4|3|3.2|7.2|0|11||19.6|0|11||19.6|0|11||19.6|0|11||19.6|0|11||19.6
9700000US2303510|Brewer, ME|2303510|2018-2022|101|1500|197|1430|207|95.3|4.8|70|72|4.7|4.8|10|15|0.7|1|20|33|1.3|2.2|0|15||1.8|45|49|3|3.3|0|15||1.8|0|15||1.8|0|15||1.8|10|15|0.7|1|10|15|0.7|1
9700000US2303780|Brunswick, ME|2303780|2018-2022|101|2815|402|2695|385|95.7|2.9|120|87|4.3|2.9|80|81|2.8|2.8|4|10|0.1|0.4|0|20||1|85|82|3|2.8|65|78|2.3|2.6|15|26|0.5|1|15|26|0.5|1|15|21|0.5|0.8|0|20||1
9700000US2303930|Cape Elizabeth, ME|2303930|2018-2022|101|1935|295|1790|307|92.5|6.3|145|121|7.5|6.3|0|15||1.4|0|15||1.4|0|15||1.4|110|115|5.7|6|0|15||1.4|35|35|1.8|1.8|0|15||1.4|0|15||1.4|0|15||1.4
9700000US2304860|Dayton Public Schools, ME|2304860|2018-2022|101|390|78|360|80|92.3|6.5|30|25|7.7|6.5|0|11||6.8|10|20|2.6|5.1|0|11||6.8|15|17|3.8|4.6|0|11||6.8|4|7|1|1.7|0|11||6.8|0|11||6.8|0|11||6.8
9700000US2304890|Dedham, ME|2304890|2018-2022|101|230|76|230|76|100|11.3|0|11||11.3|0|11||11.3|0|11||11.3|0|11||11.3|0|11||11.3|0|11||11.3|0|11||11.3|0|11||11.3|0|11||11.3|0|11||11.3
9700000US2304895|Deer Isle-Stonington Community School District, ME|2304895|2018-2022|101|335|94|335|94|100|7.9|0|11||7.9|0|11||7.9|0|11||7.9|0|11||7.9|0|11||7.9|0|11||7.9|0|11||7.9|0|11||7.9|0|11||7.9|0|11||7.9
9700000US2300062|East Machias, ME|2300062|2018-2022|101|210|57|210|57|100|12.3|0|11||12.3|0|11||12.3|0|11||12.3|0|11||12.3|0|11||12.3|0|11||12.3|0|11||12.3|0|11||12.3|0|11||12.3|0|11||12.3
9700000US2305500|Ellsworth Public Schools, ME|2305500|2018-2022|101|1310|240|1255|231|95.8|4.1|50|52|3.8|3.9|20|27|1.5|2.1|0|15||2.1|0|15||2.1|50|52|3.8|3.9|20|27|1.5|2.1|0|15||2.1|0|15||2.1|0|15||2.1|0|15||2.1
9700000US2305670|Falmouth, ME|2305670|2018-2022|101|2450|276|2355|278|96.1|3.8|95|94|3.9|3.8|0|17||1.1|4|11|0.2|0.6|0|17||1.1|55|71|2.2|2.9|0|17||1.1|0|17||1.1|0|17||1.1|35|57|1.4|2.3|0|17||1.1
9600000US2300053|Five Town Community School District, ME|2300053|2018-2022|101|2415|269|2065|223|85.5|7.1|350|189|14.5|7.1|0|17||1.1|185|200|7.7|8|0|17||1.1|115|94|4.8|4.1|0|17||1.1|50|42|2.1|1.8|0|17||1.1|4|3|0.2|0.3|0|17||1.1
9700000US2306060|Gorham, ME|2306060|2018-2022|101|3305|451|3155|442|95.5|4.9|155|168|4.7|5|0|17||0.8|0|17||0.8|0|17||0.8|155|167|4.7|5|0|17||0.8|0|17||0.8|0|17||0.8|4|2|0.1|0.4|0|17||0.8
9500000US2306160|Great Salt Bay Community School District, ME|2306160|2018-2022|101|810|171|735|165|90.7|7.4|75|60|9.3|7.4|4|8|0.5|1.2|4|10|0.5|1.6|0|11||3.3|4|9|0.5|1.7|4|8|0.5|1.2|60|59|7.4|7.3|0|11||3.3|0|11||3.3|0|11||3.3
9700000US2306510|Hermon, ME|2306510|2018-2022|101|1285|396|1185|389|92.2|12.1|100|155|7.8|12.1|0|15||2.1|0|15||2.1|0|15||2.1|100|155|7.8|12.1|0|15||2.1|0|15||2.1|0|15||2.1|0|15||2.1|0|15||2.1
9500000US2306610|Hope, ME|2306610|2018-2022|101|305|110|230|67|75.4|20.5|70|82|23|20.1|0|11||8.6|0|11||8.6|0|11||8.6|70|82|23|20.1|0|11||8.6|0|11||8.6|0|11||8.6|0|11||8.6|0|11||8.6
9700000US2306870|Jefferson, ME|2306870|2018-2022|101|380|115|360|115|94.7|5.5|15|19|3.9|5.8|4|9|1.1|2.7|4|9|1.1|2.7|4|9|1.1|2.7|10|18|2.6|5.1|0|11||7|0|11||7|0|11||7|0|11||7|0|11||7
9700000US2307140|Kittery, ME|2307140|2018-2022|101|935|165|915|173|97.9|4|20|36|2.1|4|20|36|2.1|4|0|17||2.9|0|17||2.9|20|36|2.1|4|20|36|2.1|4|0|17||2.9|0|17||2.9|0|17||2.9|0|17||2.9
9700000US2307320|Lewiston, ME|2307320|2018-2022|101|5215|458|3735|481|71.6|6.6|1480|366|28.4|6.6|165|132|3.2|2.5|140|105|2.7|2|0|23||0.5|405|245|7.8|4.6|15|14|0.3|0.3|60|88|1.2|1.7|0|23||0.5|875|266|16.8|5.2|150|134|2.9|2.6
9500000US2314842|Limestone Public Schools, ME|2314842|2018-2022|101|280|102|265|95|94.6|6.7|15|20|5.4|6.7|0|11||9.3|4|3|1.4|4.4|0|11||9.3|4|10|1.4|4.1|0|11||9.3|10|10|3.6|3.6|0|11||9.3|4|3|1.4|3.7|0|11||9.3
9700000US2307530|Lisbon, ME|2307530|2018-2022|101|1775|287|1775|287|100|1.5|0|15||1.5|0|15||1.5|0|15||1.5|0|15||1.5|0|15||1.5|0|15||1.5|0|15||1.5|0|15||1.5|0|15||1.5|0|15||1.5
9600000US2308500|Mount Desert Community School District, ME|2308500|2018-2022|101|1145|196|1125|198|98.3|2.3|20|25|1.7|2.3|0|15||2.4|20|25|1.7|2.3|0|15||2.4|0|15||2.4|0|15||2.4|0|15||2.4|0|15||2.4|0|15||2.4|0|15||2.4
9700000US2309930|Portland, ME|2309930|2018-2022|101|7590|683|5820|680|76.7|3.9|1770|288|23.3|3.9|425|170|5.6|2.3|105|69|1.4|0.9|0|26||0.4|720|313|9.5|4.1|230|126|3|1.7|90|81|1.2|1.1|10|20|0.1|0.3|860|267|11.3|3.6|190|126|2.5|1.7
9700000US2314772|Regional School Unit 01, ME|2314772|2018-2022|101|1935|294|1935|294|100|1.4|0|17||1.4|0|17||1.4|0|17||1.4|0|17||1.4|0|17||1.4|0|17||1.4|0|17||1.4|0|17||1.4|0|17||1.4|0|17||1.4
9700000US2314776|Regional School Unit 02, ME|2314776|2018-2022|101|2415|299|2275|289|94.2|3.9|140|96|5.8|3.9|0|17||1.1|40|42|1.7|1.7|0|17||1.1|65|57|2.7|2.3|0|17||1.1|30|50|1.2|2|0|17||1.1|0|17||1.1|0|17||1.1
9700000US2314783|Regional School Unit 04, ME|2314783|2018-2022|101|1475|203|1430|201|96.9|3.4|45|52|3.1|3.4|0|17||1.8|15|19|1|1.3|0|17||1.8|0|17||1.8|0|17||1.8|30|47|2|3.1|0|17||1.8|0|17||1.8|0|17||1.8
9700000US2314789|Regional School Unit 05, ME|2314789|2018-2022|101|2040|293|1955|309|95.8|2.9|85|55|4.2|2.9|30|40|1.5|2|4|10|0.2|0.5|0|17||1.3|50|59|2.5|3|0|17||1.3|30|40|1.5|2|30|40|1.5|2|0|17||1.3|0|17||1.3
9700000US2314795|Regional School Unit 10, ME|2314795|2018-2022|101|2175|404|2170|405|99.8|0.3|4|4|0.2|0.2|4|4|0.2|0.3|4|4|0.2|0.3|4|4|0.2|0.3|4|2|0.2|0.5|0|17||1.3|0|17||1.3|0|17||1.3|0|17||1.3|0|17||1.3
9700000US2314780|Regional School Unit 12, ME|2314780|2018-2022|101|2125|254|2115|254|99.5|0.4|10|10|0.5|0.4|0|17||1.3|4|6|0.2|0.3|0|17||1.3|4|7|0.2|0.5|0|17||1.3|0|17||1.3|0|17||1.3|0|17||1.3|0|17||1.3
9700000US2314787|Regional School Unit 13, ME|2314787|2018-2022|101|1840|194|1690|181|91.8|5.8|150|109|8.2|5.8|145|108|7.9|5.7|145|108|7.9|5.7|145|108|7.9|5.7|4|9|0.2|0.5|0|17||1.5|0|17||1.5|0|17||1.5|0|17||1.5|0|17||1.5
9700000US2314793|Regional School Unit 14, ME|2314793|2018-2022|101|3115|438|2990|439|96|3|125|94|4|3|40|54|1.3|1.8|30|36|1|1.1|0|20||0.9|55|73|1.8|2.3|0|20||0.9|40|54|1.3|1.8|40|54|1.3|1.8|0|20||0.9|0|20||0.9
9700000US2314775|Regional School Unit 16, ME|2314775|2018-2022|101|2270|345|2245|346|98.9|1.8|25|41|1.1|1.8|10|15|0.4|0.7|0|17||1.2|0|17||1.2|10|35|0.4|1.7|0|17||1.2|10|15|0.4|0.7|10|15|0.4|0.7|4|8|0.2|0.4|0|17||1.2
9700000US2314779|Regional School Unit 18, ME|2314779|2018-2022|101|3100|316|3030|316|97.7|1.7|70|51|2.3|1.7|30|26|1|0.8|20|30|0.6|1|0|17||0.9|55|38|1.8|1.3|30|26|1|0.8|0|17||0.9|0|17||0.9|0|17||0.9|0|17||0.9
9700000US2314785|Regional School Unit 19, ME|2314785|2018-2022|101|2405|398|2375|399|98.8|1|35|23|1.5|1|0|17||1.1|4|5|0.2|0.3|0|17||1.1|4|5|0.2|0.2|0|17||1.1|15|19|0.6|0.9|0|17||1.1|10|10|0.4|0.4|0|17||1.1
9700000US2314791|Regional School Unit 20, ME|2314791|2018-2022|101|390|107|365|114|93.6|9.7|30|35|7.7|9.6|10|14|2.6|4|20|32|5.1|8.3|0|11||6.8|10|14|2.6|4|10|14|2.6|4|0|11||6.8|0|11||6.8|0|11||6.8|0|11||6.8
9700000US2314773|Regional School Unit 21, ME|2314773|2018-2022|101|2650|397|2555|410|96.4|3.5|95|89|3.6|3.5|30|54|1.1|2.1|35|66|1.3|2.5|0|17||1|65|66|2.5|2.6|30|54|1.1|2.1|0|17||1|0|17||1|0|17||1|0|17||1
9700000US2310950|Regional School Unit 22, ME|2310950|2018-2022|101|2550|385|2445|410|95.9|4.7|105|118|4.1|4.7|0|17||1.1|15|24|0.6|1|0|17||1.1|30|34|1.2|1.3|0|17||1.1|0|17||1.1|0|17||1.1|60|109|2.4|4.3|0|17||1.1
9700000US2314790|Regional School Unit 24, ME|2314790|2018-2022|101|965|130|940|130|97.4|2.4|25|23|2.6|2.4|20|22|2.1|2.3|10|11|1|1.2|10|11|1|1.2|10|12|1|1.5|10|11|1|1.2|0|15||2.8|0|15||2.8|4|3|0.4|0.8|0|15||2.8
9700000US2314796|Regional School Unit 25, ME|2314796|2018-2022|101|1200|290|1185|291|98.8|1.1|15|12|1.3|1.1|4|9|0.3|1|10|9|0.8|0.9|0|15||2.3|4|9|0.3|1|4|9|0.3|1|0|15||2.3|0|15||2.3|0|15||2.3|0|15||2.3
9700000US2314778|Regional School Unit 26, ME|2314778|2018-2022|101|595|120|575|122|96.6|3.7|20|22|3.4|3.7|0|17||4.5|0|17||4.5|0|17||4.5|10|16|1.7|3|0|17||4.5|10|17|1.7|2.7|0|17||4.5|0|17||4.5|0|17||4.5
9700000US2314782|Regional School Unit 34, ME|2314782|2018-2022|101|1225|254|1125|252|91.8|6.7|100|83|8.2|6.7|10|14|0.8|1.2|4|4|0.3|0.4|0|15||2.2|60|66|4.9|5.5|0|15||2.2|0|15||2.2|0|15||2.2|35|41|2.9|3.4|10|14|0.8|1.2
9700000US2314788|Regional School Unit 38, ME|2314788|2018-2022|101|1245|200|1205|195|96.8|3.3|35|40|2.8|3.2|10|10|0.8|0.8|0|15||2.2|0|15||2.2|15|14|1.2|1.1|10|10|0.8|0.8|25|39|2|3.1|0|15||2.2|0|15||2.2|0|15||2.2
9700000US2314794|Regional School Unit 39, ME|2314794|2018-2022|101|875|120|860|118|98.3|2.6|15|24|1.7|2.6|0|15||3.1|0|15||3.1|0|15||3.1|15|24|1.7|2.6|0|15||3.1|0|15||3.1|0|15||3.1|0|15||3.1|0|15||3.1
9700000US2314806|Regional School Unit 50, ME|2314806|2018-2022|101|485|147|435|135|89.7|8.7|50|44|10.3|8.7|10|9|2.1|2.8|0|11||5.5|0|11||5.5|50|44|10.3|8.8|10|9|2.1|2.8|4|2|0.8|2.4|0|11||5.5|0|11||5.5|0|11||5.5
9700000US2314833|Regional School Unit 56, ME|2314833|2018-2022|101|800|183|780|178|97.5|2.9|20|23|2.5|2.9|0|15||3.4|0|15||3.4|0|15||3.4|0|15||3.4|0|15||3.4|20|23|2.5|2.9|0|15||3.4|0|15||3.4|0|15||3.4
9700000US2314822|Regional School Unit 71, ME|2314822|2018-2022|101|1545|265|1400|265|90.6|5.5|145|84|9.4|5.5|65|79|4.2|5|4|7|0.3|0.7|4|6|0.3|0.4|80|81|5.2|5.2|60|79|3.9|5|60|39|3.9|2.8|0|17||1.8|0|17||1.8|0|17||1.8
9700000US2314805|Regional School Unit 73, ME|2314805|2018-2022|101|1330|337|1305|334|98.1|1.7|25|22|1.9|1.7|4|7|0.3|0.6|0|15||2|0|15||2|20|20|1.5|1.6|0|15||2|4|7|0.3|0.6|4|7|0.3|0.6|0|15||2|0|15||2
9700000US2314838|Regional School Unit 89, ME|2314838|2018-2022|101|355|109|250|89|70.4|16.7|100|70|28.2|16.5|20|22|5.6|6.5|0|11||7.4|0|11||7.4|100|70|28.2|16.5|20|22|5.6|6.5|0|11||7.4|0|11||7.4|0|11||7.4|0|11||7.4
9700000US2310380|Saco Public Schools, ME|2310380|2018-2022|101|2840|394|2680|371|94.4|4|160|120|5.6|4|40|46|1.4|1.6|0|20||1|0|20||1|55|53|1.9|1.9|40|46|1.4|1.6|0|20||1|0|20||1|105|104|3.7|3.5|0|20||1
9700000US2310500|Sanford, ME|2310500|2018-2022|101|3870|468|3770|476|97.4|1.9|100|71|2.6|1.9|25|28|0.6|0.7|35|47|0.9|1.2|0|20||0.7|45|45|1.2|1.2|15|20|0.4|0.5|20|27|0.5|0.7|10|19|0.3|0.5|0|20||0.7|0|20||0.7
9700000US2310530|Scarborough, ME|2310530|2018-2022|101|3410|382|3245|404|95.2|3.1|165|103|4.8|3.1|20|33|0.6|1|100|84|2.9|2.5|20|33|0.6|1|40|49|1.2|1.5|0|20||0.8|10|18|0.3|0.5|0|20||0.8|15|49|0.4|1.4|0|20||0.8
9700000US2310860|School Administrative District 01, ME|2310860|2018-2022|101|1635|200|1560|200|95.4|3|75|48|4.6|3|0|17||1.7|20|31|1.2|2|0|17||1.7|30|34|1.8|2.1|0|17||1.7|15|13|0.9|0.8|0|17||1.7|10|22|0.6|1.4|0|17||1.7
9700000US2311520|School Administrative District 03, ME|2311520|2018-2022|101|1865|391|1405|215|75.3|18.7|460|408|24.7|18.7|20|20|1.1|1.1|20|21|1.1|1.2|0|17||1.5|430|408|23.1|19|20|20|1.1|1.1|10|14|0.5|0.8|0|17||1.5|0|17||1.5|0|17||1.5
9700000US2311730|School Administrative District 04, ME|2311730|2018-2022|101|505|105|490|104|97|3|15|15|3|3|0|11||5.3|0|11||5.3|0|11||5.3|15|15|3|3|0|11||5.3|0|11||5.3|0|11||5.3|0|11||5.3|0|11||5.3
9700000US2311790|School Administrative District 06, ME|2311790|2018-2022|101|3790|472|3730|463|98.4|2.1|65|82|1.7|2.1|55|79|1.5|2|0|20||0.7|0|20||0.7|10|13|0.3|0.4|0|20||0.7|55|79|1.5|2|55|79|1.5|2|0|20||0.7|0|20||0.7
9700000US2311880|School Administrative District 09, ME|2311880|2018-2022|101|2560|201|2530|201|98.8|1.2|30|31|1.2|1.2|0|17||1.1|4|6|0.2|0.2|0|17||1.1|30|31|1.2|1.2|0|17||1.1|0|17||1.1|0|17||1.1|0|17||1.1|0|17||1.1
9700000US2310590|School Administrative District 11, ME|2310590|2018-2022|101|2070|298|1945|257|94|3.8|125|87|6|3.8|125|87|6|3.8|75|53|3.6|2.5|75|53|3.6|2.5|50|71|2.4|3.3|50|71|2.4|3.3|0|17||1.3|0|17||1.3|0|17||1.3|0|17||1.3
9700000US2310710|School Administrative District 15, ME|2310710|2018-2022|101|2180|411|2180|411|100|1.3|4|3|0.2|0.4|0|17||1.3|0|17||1.3|0|17||1.3|0|17||1.3|0|17||1.3|4|3|0.2|0.4|0|17||1.3|0|17||1.3|0|17||1.3
9700000US2310770|School Administrative District 17, ME|2310770|2018-2022|101|3105|339|2950|306|95|4.5|155|146|5|4.5|0|20||0.9|0|20||0.9|0|20||0.9|155|146|5|4.5|0|20||0.9|0|20||0.9|0|20||0.9|0|20||0.9|0|20||0.9
9700000US2310980|School Administrative District 23, ME|2310980|2018-2022|101|885|168|885|168|100|3.1|0|15||3.1|0|15||3.1|0|15||3.1|0|15||3.1|0|15||3.1|0|15||3.1|0|15||3.1|0|15||3.1|0|15||3.1|0|15||3.1
9700000US2311100|School Administrative District 27, ME|2311100|2018-2022|101|875|155|840|161|96|5.7|35|50|4|5.7|0|15||3.1|0|15||3.1|0|15||3.1|35|50|4|5.7|0|15||3.1|0|15||3.1|0|15||3.1|0|15||3.1|0|15||3.1
9500000US2311130|School Administrative District 28, ME|2311130|2018-2022|101|1515|308|1270|207|83.8|12|240|206|15.8|11.8|0|15||1.8|185|200|12.2|12.1|0|15||1.8|20|28|1.3|1.9|0|15||1.8|40|44|2.6|2.9|0|15||1.8|0|15||1.8|0|15||1.8
9700000US2311160|School Administrative District 29, ME|2311160|2018-2022|101|1320|212|1285|212|97.3|2|30|22|2.3|1.7|0|15||2.1|25|21|1.9|1.7|0|15||2.1|4|5|0.3|0.4|0|15||2.1|0|15||2.1|0|15||2.1|0|15||2.1|0|15||2.1
9700000US2311220|School Administrative District 30, ME|2311220|2018-2022|101|280|67|270|67|96.4|5.2|10|12|3.6|5.2|0|11||9.3|0|11||9.3|0|11||9.3|0|11||9.3|0|11||9.3|10|12|3.6|5.2|0|11||9.3|0|11||9.3|0|11||9.3
9700000US2311250|School Administrative District 31, ME|2311250|2018-2022|101|465|127|455|126|97.8|3.4|15|12|3.2|3|0|11||5.7|10|11|2.2|2.7|0|11||5.7|4|3|0.9|1.8|0|11||5.7|0|11||5.7|0|11||5.7|0|11||5.7|0|11||5.7
9700000US2311280|School Administrative District 32, ME|2311280|2018-2022|101|230|75|225|76|97.8|2.8|4|6|1.7|3.2|0|11||11.3|0|11||11.3|0|11||11.3|4|6|1.7|3.2|0|11||11.3|0|11||11.3|0|11||11.3|0|11||11.3|0|11||11.3
9700000US2311310|School Administrative District 33, ME|2311310|2018-2022|101|175|54|160|54|91.4|9.5|20|14|11.4|9.4|4|4|2.3|3.6|0|11||14.5|0|11||14.5|20|14|11.4|9.4|4|4|2.3|3.6|0|11||14.5|0|11||14.5|0|11||14.5|0|11||14.5
9700000US2311370|School Administrative District 35, ME|2311370|2018-2022|101|2410|425|2410|425|100|1.1|0|17||1.1|0|17||1.1|0|17||1.1|0|17||1.1|0|17||1.1|0|17||1.1|0|17||1.1|0|17||1.1|0|17||1.1|0|17||1.1
9700000US2311430|School Administrative District 37, ME|2311430|2018-2022|101|700|146|660|133|94.3|4.3|40|33|5.7|4.3|15|12|2.1|2.1|35|32|5|4.2|15|12|2.1|2.1|0|11||3.8|0|11||3.8|4|6|0.6|1|0|11||3.8|0|11||3.8|0|11||3.8
9700000US2311550|School Administrative District 40, ME|2311550|2018-2022|101|1885|297|1865|299|98.9|1.1|20|19|1.1|1.1|0|17||1.4|4|5|0.2|0.3|0|17||1.4|20|18|1.1|1|0|17||1.4|0|17||1.4|0|17||1.4|0|17||1.4|0|17||1.4
9700000US2311580|School Administrative District 41, ME|2311580|2018-2022|101|695|173|660|168|95|7.7|35|54|5|7.7|0|11||3.9|0|11||3.9|0|11||3.9|35|54|5|7.7|0|11||3.9|0|11||3.9|0|11||3.9|0|11||3.9|0|11||3.9
9700000US2311610|School Administrative District 42, ME|2311610|2018-2022|101|325|129|325|129|100|8.1|4|4|1.2|3.1|0|11||8.1|4|2|1.2|3.6|0|11||8.1|4|3|1.2|3.6|0|11||8.1|0|11||8.1|0|11||8.1|0|11||8.1|0|11||8.1
9700000US2311670|School Administrative District 44, ME|2311670|2018-2022|101|530|105|530|105|100|5.1|0|11||5.1|0|11||5.1|0|11||5.1|0|11||5.1|0|11||5.1|0|11||5.1|0|11||5.1|0|11||5.1|0|11||5.1|0|11||5.1
9700000US2311700|School Administrative District 45, ME|2311700|2018-2022|101|220|63|210|63|95.5|4.4|10|9|4.5|4.4|4|7|1.8|3|4|7|1.8|3|4|7|1.8|3|4|6|1.8|4.6|0|11||11.7|0|11||11.7|0|11||11.7|0|11||11.7|0|11||11.7
9700000US2314530|School Administrative District 46, ME|2314530|2018-2022|101|660|174|660|174|100|4.1|0|15||4.1|0|15||4.1|0|15||4.1|0|15||4.1|0|15||4.1|0|15||4.1|0|15||4.1|0|15||4.1|0|15||4.1|0|15||4.1
9700000US2314330|School Administrative District 49, ME|2314330|2018-2022|101|2145|378|2135|379|99.5|0.6|10|14|0.5|0.6|10|14|0.5|0.6|0|17||1.3|0|17||1.3|10|14|0.5|0.6|10|14|0.5|0.6|0|17||1.3|0|17||1.3|0|17||1.3|0|17||1.3
9700000US2314240|School Administrative District 51, ME|2314240|2018-2022|101|2300|247|2250|252|97.8|2.3|50|53|2.2|2.3|4|7|0.2|0.4|40|51|1.7|2.2|4|7|0.2|0.4|10|14|0.4|0.6|0|17||1.2|0|17||1.2|0|17||1.2|0|17||1.2|0|17||1.2
9700000US2314160|School Administrative District 52, ME|2314160|2018-2022|101|2115|314|2110|314|99.8|0.7|4|3|0.2|0.6|0|17||1.3|0|17||1.3|0|17||1.3|4|3|0.2|0.6|0|17||1.3|0|17||1.3|0|17||1.3|0|17||1.3|0|17||1.3
9700000US2314610|School Administrative District 53, ME|2314610|2018-2022|101|930|201|895|196|96.2|3.7|35|36|3.8|3.7|25|35|2.7|3.7|25|35|2.7|3.7|25|35|2.7|3.7|10|13|1.1|1.4|0|15||2.9|0|15||2.9|0|15||2.9|0|15||2.9|0|15||2.9
9700000US2314590|School Administrative District 54, ME|2314590|2018-2022|101|2180|245|2170|244|99.5|0.6|10|13|0.5|0.6|0|17||1.3|4|6|0.2|0.3|0|17||1.3|4|12|0.2|0.7|0|17||1.3|0|17||1.3|0|17||1.3|0|17||1.3|0|17||1.3
9700000US2314190|School Administrative District 55, ME|2314190|2018-2022|101|1205|183|1190|186|98.8|1.5|15|18|1.2|1.5|0|15||2.3|0|15||2.3|0|15||2.3|4|4|0.3|0.6|0|15||2.3|10|18|0.8|1.7|0|15||2.3|0|15||2.3|0|15||2.3
9700000US2314670|School Administrative District 57, ME|2314670|2018-2022|101|3540|497|3475|500|98.2|1.9|60|64|1.7|1.9|30|42|0.8|1.2|55|63|1.6|1.8|25|41|0.7|1.2|4|8|0.1|0.3|4|8|0.1|0.3|4|2|0.1|0.3|0|20||0.8|0|20||0.8|0|20||0.8
9700000US2314300|School Administrative District 58, ME|2314300|2018-2022|101|555|106|540|108|97.3|2.9|15|15|2.7|2.9|4|5|0.7|0.9|4|5|0.7|0.9|4|5|0.7|0.9|10|14|1.8|2.6|0|11||4.8|0|11||4.8|0|11||4.8|0|11||4.8|0|11||4.8
9700000US2314700|School Administrative District 60, ME|2314700|2018-2022|101|3810|400|3740|410|98.2|1.9|70|71|1.8|1.9|20|32|0.5|0.9|0|17||0.7|0|17||0.7|50|71|1.3|1.9|0|17||0.7|20|32|0.5|0.9|20|32|0.5|0.9|0|17||0.7|0|17||0.7
9700000US2314210|School Administrative District 61, ME|2314210|2018-2022|101|1645|245|1645|245|100|1.7|4|3|0.2|0.7|0|17||1.7|0|17||1.7|0|17||1.7|0|17||1.7|0|17||1.7|0|17||1.7|0|17||1.7|4|3|0.2|0.7|0|17||1.7
9700000US2314470|School Administrative District 63, ME|2314470|2018-2022|101|900|202|855|196|95|6.2|45|58|5|6.2|10|19|1.1|2|10|19|1.1|2|10|19|1.1|2|0|15||3|0|15||3|35|54|3.9|5.9|0|15||3|0|15||3|0|15||3
9700000US2314440|School Administrative District 64, ME|2314440|2018-2022|101|1250|212|1225|209|98|1.7|25|22|2|1.7|4|6|0.3|0.5|4|6|0.3|0.5|4|6|0.3|0.5|20|22|1.6|1.7|0|15||2.2|0|15||2.2|0|15||2.2|0|15||2.2|0|15||2.2
9700000US2314760|School Administrative District 67, ME|2314760|2018-2022|101|665|200|655|199|98.5|2.1|10|12|1.5|2.1|0|15||4|0|15||4|0|15||4|10|12|1.5|2.1|0|15||4|0|15||4|0|15||4|0|15||4|0|15||4
9700000US2314761|School Administrative District 68, ME|2314761|2018-2022|101|865|176|845|177|97.7|1.8|15|13|1.7|1.9|0|15||3.1|10|13|1.2|1.5|0|15||3.1|0|15||3.1|0|15||3.1|4|10|0.5|1.7|0|15||3.1|0|15||3.1|0|15||3.1
9700000US2314762|School Administrative District 70, ME|2314762|2018-2022|101|685|149|645|143|94.2|7.2|40|51|5.8|7.2|4|5|0.6|0.6|4|4|0.6|0.8|4|4|0.6|0.8|40|51|5.8|7.2|4|3|0.6|1.3|0|11||3.9|0|11||3.9|0|11||3.9|0|11||3.9
9700000US2314765|School Administrative District 72, ME|2314765|2018-2022|101|1360|248|1340|246|98.5|1.5|20|16|1.5|1.5|0|15||2|0|15||2|0|15||2|10|13|0.7|1.2|0|15||2|4|9|0.3|1|0|15||2|4|5|0.3|0.4|0|15||2
9700000US2314767|School Administrative District 74, ME|2314767|2018-2022|101|765|183|750|181|98|2.1|15|16|2|2.1|0|11||3.5|0|11||3.5|0|11||3.5|10|13|1.3|1.8|0|11||3.5|4|8|0.5|1.1|0|11||3.5|0|11||3.5|0|11||3.5
9700000US2314768|School Administrative District 75, ME|2314768|2018-2022|101|2640|335|2615|335|99.1|1.2|25|32|0.9|1.2|0|20||1|10|15|0.4|0.6|0|20||1|4|3|0.2|0.3|0|20||1|15|27|0.6|1.1|0|20||1|0|20||1|0|20||1
9700000US2314837|Sebago Public Schools, ME|2314837|2018-2022|101|245|80|230|75|93.9|5.5|15|14|6.1|5.5|4|6|1.6|2.3|0|11||10.6|0|11||10.6|10|14|4.1|5.6|0|11||10.6|4|6|1.6|2.3|4|6|1.6|2.3|0|11||10.6|0|11||10.6
9700000US2312330|South Portland, ME|2312330|2018-2022|101|3225|329|2815|299|87.3|5.8|410|202|12.7|5.8|70|73|2.2|2.2|4|3|0.1|0.3|0|20||0.8|300|144|9.3|4.2|70|73|2.2|2.2|4|5|0.1|0.3|0|20||0.8|105|125|3.3|3.7|0|20||0.8
9700000US2313110|Vassalboro, ME|2313110|2018-2022|101|820|165|810|166|98.8|2.1|10|17|1.2|2.1|0|11||3.3|0|11||3.3|0|11||3.3|10|17|1.2|2.1|0|11||3.3|0|11||3.3|0|11||3.3|0|11||3.3|0|11||3.3
9700000US2313350|Waterville, ME|2313350|2018-2022|101|2385|322|2360|330|99|1.3|25|29|1|1.3|0|17||1.1|15|24|0.6|1|0|17||1.1|10|15|0.4|0.6|0|17||1.1|4|3|0.2|0.5|0|17||1.1|0|17||1.1|0|17||1.1
9700000US2313490|Wells-Ogunquit Community School District, ME|2313490|2018-2022|101|1560|262|1470|265|94.2|3.9|90|57|5.8|3.9|15|26|1|1.7|0|17||1.7|0|17||1.7|0|17||1.7|0|17||1.7|15|26|1|1.7|15|26|1|1.7|75|49|4.8|3.3|0|17||1.7
9700000US2313560|Westbrook, ME|2313560|2018-2022|101|2410|384|2240|387|92.9|5.2|170|126|7.1|5.2|25|41|1|1.7|0|20||1.1|0|20||1.1|85|80|3.5|3.3|25|41|1|1.7|85|85|3.5|3.6|0|20||1.1|0|20||1.1|0|20||1.1
9700000US2313860|Winslow, ME|2313860|2018-2022|101|1295|264|1240|265|95.8|4.5|55|56|4.2|4.5|15|22|1.2|1.7|20|36|1.5|2.9|0|15||2.1|15|22|1.2|1.7|15|22|1.2|1.7|25|36|1.9|2.7|0|15||2.1|0|15||2.1|0|15||2.1
9700000US2313970|Winthrop, ME|2313970|2018-2022|101|1215|342|1215|342|100|2.2|0|15||2.2|0|15||2.2|0|15||2.2|0|15||2.2|0|15||2.2|0|15||2.2|0|15||2.2|0|15||2.2|0|15||2.2|0|15||2.2
9700000US2314010|Woodland, ME|2314010|2018-2022|101|240|128|240|128|100|10.8|0|11||10.8|0|11||10.8|0|11||10.8|0|11||10.8|0|11||10.8|0|11||10.8|0|11||10.8|0|11||10.8|0|11||10.8|0|11||10.8
9700000US2314100|Yarmouth, ME|2314100|2018-2022|101|2000|340|1965|340|98.3|2.8|35|56|1.8|2.8|35|56|1.8|2.8|35|56|1.8|2.8|35|56|1.8|2.8|0|15||1.4|0|15||1.4|0|15||1.4|0|15||1.4|0|15||1.4|0|15||1.4
9700000US2314130|York, ME|2314130|2018-2022|101|2120|595|2030|596|95.8|5.1|90|108|4.2|5.1|0|17||1.3|70|100|3.3|4.7|0|17||1.3|20|41|0.9|2.1|0|17||1.3|0|17||1.3|0|17||1.3|0|17||1.3|0|17||1.3
