GeoId|Geography|LEAID|Year|Iteration|CDP02_53est|CDP02_53moe|CDP02_54est|CDP02_54moe|CDP02_54pct|CDP02_54pctmoe|CDP02_55est|CDP02_55moe|CDP02_55pct|CDP02_55pctmoe|CDP02_56est|CDP02_56moe|CDP02_56pct|CDP02_56pctmoe|CDP02_57est|CDP02_57moe|CDP02_57pct|CDP02_57pctmoe|CDP02_58est|CDP02_58moe|CDP02_58pct|CDP02_58pctmoe|CDP02_59est|CDP02_59moe|CDP02_59pct|CDP02_59pctmoe|CDP02_60est|CDP02_60moe|CDP02_60pct|CDP02_60pctmoe|CDP02_61est|CDP02_61moe|CDP02_61pct|CDP02_61pctmoe|CDP02_62est|CDP02_62moe|CDP02_62pct|CDP02_62pctmoe|CDP02_63est|CDP02_63moe|CDP02_63pct|CDP02_63pctmoe|CDP02_64est|CDP02_64moe|CDP02_64pct|CDP02_64pctmoe
9500000US3301380|Allenstown School District, NH|3301380|2018-2022|101|955|249|900|268|94.2|9.2|55|84|5.8|9.2|0|12||3.3|55|84|5.8|9.2|0|12||3.3|0|12||3.3|0|12||3.3|0|12||3.3|0|12||3.3|0|12||3.3|0|12||3.3
9500000US3301470|Amherst School District, NH|3301470|2018-2022|101|2010|279|1925|283|95.8|3.3|90|64|4.5|3.2|45|47|2.2|2.4|55|50|2.7|2.5|45|47|2.2|2.4|35|41|1.7|2|0|19||1.6|0|19||1.6|0|19||1.6|0|19||1.6|0|19||1.6
9500000US3301590|Auburn School District, NH|3301590|2018-2022|101|955|184|945|181|99|1.8|10|18|1|1.8|0|17||3.3|0|17||3.3|0|17||3.3|10|18|1|1.8|0|17||3.3|0|17||3.3|0|17||3.3|0|17||3.3|0|17||3.3
9500000US3301620|Barnstead School District, NH|3301620|2018-2022|101|860|196|860|196|100|3.7|0|12||3.7|0|12||3.7|0|12||3.7|0|12||3.7|0|12||3.7|0|12||3.7|0|12||3.7|0|12||3.7|0|12||3.7|0|12||3.7
9500000US3301650|Barrington School District, NH|3301650|2018-2022|101|1640|231|1610|231|98.2|2.6|30|42|1.8|2.6|0|17||2|0|17||2|0|17||2|30|42|1.8|2.6|0|17||2|0|17||2|0|17||2|0|17||2|0|17||2
9700000US3301740|Bedford School District, NH|3301740|2018-2022|101|4970|502|4420|553|88.9|4.6|545|220|11|4.6|60|72|1.2|1.5|80|98|1.6|2|0|22||0.7|305|186|6.1|3.8|60|72|1.2|1.5|160|91|3.2|1.8|0|22||0.7|0|22||0.7|0|22||0.7
9700000US3301860|Berlin School District, NH|3301860|2018-2022|101|1140|171|1115|178|97.8|2.9|25|31|2.2|2.9|0|17||2.8|0|17||2.8|0|17||2.8|25|31|2.2|2.9|0|17||2.8|0|17||2.8|0|17||2.8|0|17||2.8|0|17||2.8
9700000US3301950|Bow School District, NH|3301950|2018-2022|101|1505|171|1445|183|96|4.3|60|63|4|4.3|0|17||2.1|50|62|3.3|4.1|0|17||2.1|4|8|0.3|0.6|0|17||2.1|0|17||2.1|0|17||2.1|0|17||2.1|0|17||2.1
9500000US3302010|Brentwood School District, NH|3302010|2018-2022|101|820|149|775|138|94.5|4.9|45|42|5.5|4.9|10|16|1.2|1.9|0|12||3.9|0|12||3.9|25|28|3|3.5|10|16|1.2|1.9|0|12||3.9|0|12||3.9|20|31|2.4|3.6|0|12||3.9
9500000US3302070|Brookline School District, NH|3302070|2018-2022|101|1340|149|1265|151|94.4|4|75|53|5.6|4|10|17|0.7|1.4|30|33|2.2|2.5|10|17|0.7|1.4|45|40|3.4|3|0|17||2.4|0|17||2.4|0|17||2.4|0|17||2.4|0|17||2.4
9500000US3302250|Chester School District, NH|3302250|2018-2022|101|755|156|755|156|100|4.2|0|17||4.2|0|17||4.2|0|17||4.2|0|17||4.2|0|17||4.2|0|17||4.2|0|17||4.2|0|17||4.2|0|17||4.2|0|17||4.2
9500000US3302310|Chichester School District, NH|3302310|2018-2022|101|430|80|420|79|97.7|3.7|10|16|2.3|3.7|0|12||7.3|0|12||7.3|0|12||7.3|0|12||7.3|0|12||7.3|10|16|2.3|3.7|0|12||7.3|0|12||7.3|0|12||7.3
9700000US3302340|Claremont School District, NH|3302340|2018-2022|101|2020|265|1960|263|97|3.9|60|78|3|3.9|0|19||1.6|0|19||1.6|0|19||1.6|20|35|1|1.7|0|19||1.6|45|63|2.2|3.1|0|19||1.6|0|19||1.6|0|19||1.6
9700000US3302460|Concord School District, NH|3302460|2018-2022|101|5010|452|4585|456|91.5|3.4|425|174|8.5|3.4|190|102|3.8|2|40|46|0.8|0.9|0|25||0.6|260|159|5.2|3.2|120|95|2.4|1.9|80|71|1.6|1.4|35|41|0.7|0.8|45|55|0.9|1.1|35|54|0.7|1.1
9700000US3302480|Contoocook Valley School District, NH|3302480|2018-2022|101|2800|386|2730|382|97.5|1.2|70|34|2.5|1.2|15|14|0.5|0.4|35|21|1.3|0.9|10|11|0.4|0.3|35|29|1.3|1.1|4|5|0.1|0.2|4|6|0.1|0.2|0|19||1.2|0|19||1.2|0|19||1.2
9700000US3302490|Conway School District, NH|3302490|2018-2022|101|1230|336|1170|327|95.1|5.1|60|63|4.9|5.1|0|17||2.6|55|63|4.5|5|0|17||2.6|4|13|0.3|1.3|0|17||2.6|0|17||2.6|0|17||2.6|0|17||2.6|0|17||2.6
9500000US3302520|Cornish School District, NH|3302520|2018-2022|101|200|70|200|70|100|15|0|12||15|0|12||15|0|12||15|0|12||15|0|12||15|0|12||15|0|12||15|0|12||15|0|12||15|0|12||15
9500000US3302580|Deerfield School District, NH|3302580|2018-2022|101|805|133|805|133|100|4|0|12||4|0|12||4|0|12||4|0|12||4|0|12||4|0|12||4|0|12||4|0|12||4|0|12||4|0|12||4
9500000US3302610|Derry School District, NH|3302610|2018-2022|101|5235|555|4945|559|94.5|3.5|295|184|5.6|3.5|35|51|0.7|1|205|167|3.9|3.2|35|51|0.7|1|70|75|1.3|1.4|0|25||0.6|20|37|0.4|0.7|0|25||0.6|0|25||0.6|0|25||0.6
9700000US3302640|Dover School District, NH|3302640|2018-2022|101|3935|508|3740|533|95|3.3|195|123|5|3.3|0|25||0.8|100|101|2.5|2.6|0|25||0.8|70|55|1.8|1.5|0|25||0.8|20|31|0.5|0.8|0|25||0.8|4|12|0.1|0.4|0|25||0.8
9600000US3302670|Dresden School District, NH|3302670|2018-2022|101|1295|253|1190|259|91.9|4.4|105|52|8.1|4.4|0|19||2.5|15|24|1.2|1.9|0|19||2.5|45|43|3.5|3.3|0|19||2.5|20|19|1.5|1.6|0|19||2.5|25|26|1.9|2.2|0|19||2.5
9500000US3302760|Dunbarton School District, NH|3302760|2018-2022|101|550|96|550|96|100|5.7|0|12||5.7|0|12||5.7|0|12||5.7|0|12||5.7|0|12||5.7|0|12||5.7|0|12||5.7|0|12||5.7|0|12||5.7|0|12||5.7
9500000US3302790|East Kingston School District, NH|3302790|2018-2022|101|360|71|360|71|100|8.6|0|12||8.6|0|12||8.6|0|12||8.6|0|12||8.6|0|12||8.6|0|12||8.6|0|12||8.6|0|12||8.6|0|12||8.6|0|12||8.6
9700000US3302880|Epping School District, NH|3302880|2018-2022|101|880|325|865|321|98.3|3.2|15|27|1.7|3.2|0|17||3.6|0|17||3.6|0|17||3.6|15|27|1.7|3.2|0|17||3.6|0|17||3.6|0|17||3.6|0|17||3.6|0|17||3.6
9500000US3302910|Epsom School District, NH|3302910|2018-2022|101|840|179|825|182|98.2|2.8|15|23|1.8|2.8|0|12||3.8|0|12||3.8|0|12||3.8|15|23|1.8|2.8|0|12||3.8|0|12||3.8|0|12||3.8|0|12||3.8|0|12||3.8
9600000US3300017|Exeter Regional Cooperative School District, NH|3300017|2018-2022|101|5540|364|5195|391|93.8|2.8|345|155|6.2|2.8|55|50|1|0.9|80|57|1.4|1|0|25||0.6|95|69|1.7|1.3|10|16|0.2|0.3|150|132|2.7|2.4|45|47|0.8|0.9|20|31|0.4|0.6|0|25||0.6
9500000US3302970|Exeter School District, NH|3302970|2018-2022|101|2485|278|2235|328|89.9|6.3|250|149|10.1|6.3|45|47|1.8|1.9|50|49|2|2|0|19||1.3|65|62|2.6|2.6|0|19||1.3|130|139|5.2|5.7|45|47|1.8|1.9|0|19||1.3|0|19||1.3
9700000US3302990|Fall Mountain Regional School District, NH|3302990|2018-2022|101|1855|306|1785|301|96.2|4.5|70|83|3.8|4.5|10|13|0.5|0.8|0|19||1.7|0|19||1.7|10|13|0.5|0.8|10|13|0.5|0.8|15|30|0.8|1.6|0|19||1.7|45|75|2.4|4|0|19||1.7
9700000US3303090|Franklin School District, NH|3303090|2018-2022|101|1200|222|1190|224|99.2|1.5|10|18|0.8|1.5|10|18|0.8|1.5|10|18|0.8|1.5|10|18|0.8|1.5|0|17||2.7|0|17||2.7|0|17||2.7|0|17||2.7|0|17||2.7|0|17||2.7
9500000US3303150|Fremont School District, NH|3303150|2018-2022|101|760|244|760|244|100|4.2|0|12||4.2|0|12||4.2|0|12||4.2|0|12||4.2|0|12||4.2|0|12||4.2|0|12||4.2|0|12||4.2|0|12||4.2|0|12||4.2
9700000US3303180|Gilford School District, NH|3303180|2018-2022|101|1075|298|1000|315|93|6.2|75|60|7|6.2|0|17||3|0|17||3|0|17||3|75|60|7|6.2|0|17||3|0|17||3|0|17||3|0|17||3|0|17||3
9700000US3303240|Goffstown School District, NH|3303240|2018-2022|101|2580|422|2515|414|97.5|2.3|60|60|2.3|2.3|0|19||1.2|30|45|1.2|1.7|0|19||1.2|20|30|0.8|1.2|0|19||1.2|15|24|0.6|0.9|0|19||1.2|0|19||1.2|0|19||1.2
9700000US3300035|Gorham Randolph Shelburne Cooperative School District, NH|3300035|2018-2022|101|360|74|350|73|97.2|3.7|10|12|2.8|3.7|0|12||8.6|0|12||8.6|0|12||8.6|10|12|2.8|4|0|12||8.6|4|2|1.1|2.9|0|12||8.6|0|12||8.6|0|12||8.6
9700000US3303330|Governor Wentworth Regional School District, NH|3303330|2018-2022|101|2135|297|2075|303|97.2|1.6|60|32|2.8|1.6|4|4|0.2|0.3|10|14|0.5|0.6|4|4|0.2|0.3|55|29|2.6|1.5|0|19||1.5|0|19||1.5|0|19||1.5|0|19||1.5|0|19||1.5
9500000US3303420|Greenland School District, NH|3303420|2018-2022|101|730|162|695|160|95.2|4.2|35|30|4.8|4.2|4|10|0.5|1.8|20|21|2.7|2.9|4|10|0.5|1.8|20|26|2.7|3.7|0|12||4.4|0|12||4.4|0|12||4.4|0|12||4.4|0|12||4.4
9500000US3303480|Hampstead School District, NH|3303480|2018-2022|101|1310|223|1255|206|95.8|5.1|60|71|4.6|5.4|0|17||2.4|0|17||2.4|0|17||2.4|0|17||2.4|0|17||2.4|60|71|4.6|5.4|0|17||2.4|0|17||2.4|0|17||2.4
9500000US3303540|Hampton Falls School District, NH|3303540|2018-2022|101|425|150|295|75|69.4|22.4|125|132|29.4|22.2|0|12||7.4|25|33|5.9|7.8|0|12||7.4|90|125|21.2|23.2|0|12||7.4|10|15|2.4|3.9|0|12||7.4|0|12||7.4|0|12||7.4
9500000US3303510|Hampton School District, NH|3303510|2018-2022|101|1880|353|1875|351|99.7|0.6|4|10|0.2|0.7|0|19||1.7|0|19||1.7|0|19||1.7|4|10|0.2|0.7|0|19||1.7|0|19||1.7|0|19||1.7|0|19||1.7|0|19||1.7
9500000US3303600|Hanover School District, NH|3303600|2018-2022|101|1295|253|1190|259|91.9|4.4|105|52|8.1|4.4|0|19||2.5|15|24|1.2|1.9|0|19||2.5|45|43|3.5|3.3|0|19||2.5|20|19|1.5|1.6|0|19||2.5|25|26|1.9|2.2|0|19||2.5
9700000US3303750|Hillsboro-Deering Cooperative School District, NH|3303750|2018-2022|101|1195|289|1155|290|96.7|4.8|40|58|3.3|4.8|4|4|0.3|0.5|40|57|3.3|4.8|4|2|0.3|0.9|0|17||2.7|0|17||2.7|4|3|0.3|0.7|4|3|0.3|0.7|0|17||2.7|0|17||2.7
9500000US3303840|Hollis School District, NH|3303840|2018-2022|101|1370|242|1235|247|90.1|7|135|96|9.9|7|0|17||2.3|0|17||2.3|0|17||2.3|135|96|9.9|7|0|17||2.3|0|17||2.3|0|17||2.3|0|17||2.3|0|17||2.3
9600000US3303850|Hollis-Brookline Cooperative School District, NH|3303850|2018-2022|101|2710|274|2500|268|92.3|3.9|210|108|7.7|3.9|10|17|0.4|0.7|30|33|1.1|1.2|10|17|0.4|0.7|180|104|6.6|3.8|0|19||1.2|0|19||1.2|0|19||1.2|0|19||1.2|0|19||1.2
9500000US3303870|Hooksett School District, NH|3303870|2018-2022|101|2340|388|2245|379|95.9|2.8|95|67|4.1|2.8|0|19||1.4|0|19||1.4|0|19||1.4|30|36|1.3|1.5|0|19||1.4|15|23|0.6|1|0|19||1.4|50|52|2.1|2.3|0|19||1.4
9700000US3303900|Hopkinton School District, NH|3303900|2018-2022|101|970|278|970|278|100|3.3|0|17||3.3|0|17||3.3|0|17||3.3|0|17||3.3|0|17||3.3|0|17||3.3|0|17||3.3|0|17||3.3|0|17||3.3|0|17||3.3
9700000US3303930|Hudson School District, NH|3303930|2018-2022|101|3835|459|3585|491|93.5|4|250|148|6.5|4|0|22||0.8|80|85|2.1|2.2|0|22||0.8|110|98|2.9|2.6|0|22||0.8|60|88|1.6|2.3|0|22||0.8|0|22||0.8|0|22||0.8
9700000US3303960|Inter-Lakes School District, NH|3303960|2018-2022|101|1010|182|1005|182|99.5|1|4|9|0.4|1.1|4|4|0.4|0.8|4|4|0.4|0.8|4|4|0.4|0.8|0|17||3.2|0|17||3.2|4|8|0.4|0.8|0|17||3.2|0|17||3.2|0|17||3.2
9700000US3304030|Jaffrey-Rindge Cooperative School District, NH|3304030|2018-2022|101|2120|280|2085|277|98.3|1.8|35|38|1.7|1.8|0|19||1.5|0|19||1.5|0|19||1.5|35|38|1.7|1.8|0|19||1.5|0|19||1.5|0|19||1.5|0|19||1.5|0|19||1.5
9600000US3300003|John Stark Regional School District, NH|3300003|2018-2022|101|2520|370|2490|367|98.8|1.8|30|45|1.2|1.8|0|19||1.3|30|45|1.2|1.8|0|19||1.3|0|19||1.3|0|19||1.3|0|19||1.3|0|19||1.3|0|19||1.3|0|19||1.3
9700000US3304040|Kearsarge Regional School District, NH|3304040|2018-2022|101|1970|202|1945|201|98.7|1.1|25|20|1.3|1.1|0|19||1.6|10|10|0.5|0.6|0|19||1.6|15|16|0.8|0.9|0|19||1.6|4|7|0.2|0.4|0|19||1.6|0|19||1.6|0|19||1.6
9700000US3304050|Keene School District, NH|3304050|2018-2022|101|2500|276|2385|276|95.4|4|115|102|4.6|4|20|39|0.8|1.6|0|22||1.3|0|22||1.3|55|75|2.2|3|0|22||1.3|30|59|1.2|2.4|20|39|0.8|1.6|30|43|1.2|1.7|0|22||1.3
9500000US3304080|Kensington School District, NH|3304080|2018-2022|101|290|47|285|48|98.3|2.6|4|4|1.4|1.8|0|12||10.6|4|4|1.4|1.8|0|12||10.6|0|12||10.6|0|12||10.6|0|12||10.6|0|12||10.6|0|12||10.6|0|12||10.6
9700000US3304140|Laconia School District, NH|3304140|2018-2022|101|2510|352|2310|319|92|6.2|205|165|8.2|6.2|20|39|0.8|1.6|4|11|0.2|0.5|0|19||1.3|145|149|5.8|5.7|20|39|0.8|1.6|4|11|0.2|0.5|0|19||1.3|45|76|1.8|3|0|19||1.3
9500000US3304150|Lafayette Regional School District, NH|3304150|2018-2022|101|225|86|220|87|97.8|4.7|4|4|1.8|3.4|0|12||13.4|4|4|1.8|3.4|0|12||13.4|0|12||13.4|0|12||13.4|0|12||13.4|0|12||13.4|0|12||13.4|0|12||13.4
9700000US3304230|Lebanon School District, NH|3304230|2018-2022|101|1545|307|1410|320|91.3|6|135|88|8.7|6|30|34|1.9|2.2|0|19||2.1|0|19||2.1|80|71|5.2|4.7|15|29|1|1.9|55|42|3.6|3|10|19|0.6|1.3|0|19||2.1|0|19||2.1
9700000US3304260|Lincoln-Woodstock School District, NH|3304260|2018-2022|101|455|114|305|97|67|14.5|150|79|33|14.5|0|12||6.9|45|39|9.9|8.6|0|12||6.9|0|12||6.9|0|12||6.9|110|68|24.2|13.7|0|12||6.9|0|12||6.9|0|12||6.9
9700000US3304290|Lisbon Regional School District, NH|3304290|2018-2022|101|385|131|385|131|100|8.1|0|12||8.1|0|12||8.1|0|12||8.1|0|12||8.1|0|12||8.1|0|12||8.1|0|12||8.1|0|12||8.1|0|12||8.1|0|12||8.1
9700000US3304350|Litchfield School District, NH|3304350|2018-2022|101|1670|201|1635|198|97.9|2.6|35|43|2.1|2.6|0|17||1.9|15|30|0.9|1.8|0|17||1.9|20|32|1.2|1.9|0|17||1.9|0|17||1.9|0|17||1.9|0|17||1.9|0|17||1.9
9700000US3304410|Londonderry School District, NH|3304410|2018-2022|101|4395|424|4235|407|96.4|2.3|160|105|3.6|2.3|30|44|0.7|1|55|81|1.3|1.8|30|44|0.7|1|75|61|1.7|1.4|0|22||0.7|30|37|0.7|0.9|0|22||0.7|0|22||0.7|0|22||0.7
9500000US3304500|Lyme School District, NH|3304500|2018-2022|101|260|52|255|52|98.1|2.6|4|6|1.5|2.4|0|12||11.7|0|12||11.7|0|12||11.7|0|12||11.7|0|12||11.7|4|6|1.5|2.4|0|12||11.7|0|12||11.7|0|12||11.7
9500000US3304560|Madison School District, NH|3304560|2018-2022|101|555|188|555|188|100|5.7|0|12||5.7|0|12||5.7|0|12||5.7|0|12||5.7|0|12||5.7|0|12||5.7|0|12||5.7|0|12||5.7|0|12||5.7|0|12||5.7
9700000US3304590|Manchester School District, NH|3304590|2018-2022|101|15580|873|11650|906|74.8|3.2|3930|500|25.2|3.2|1315|351|8.4|2.3|2175|387|14|2.5|610|208|3.9|1.3|870|277|5.6|1.7|300|150|1.9|1|335|203|2.2|1.3|205|175|1.3|1.1|550|283|3.5|1.8|195|174|1.3|1.1
9500000US3304620|Marlborough School District, NH|3304620|2018-2022|101|350|139|335|135|95.7|6.1|10|21|2.9|6.5|0|12||8.9|10|21|2.9|6.5|0|12||8.9|0|12||8.9|0|12||8.9|0|12||8.9|0|12||8.9|0|12||8.9|0|12||8.9
9700000US3304670|Mascenic Regional School District, NH|3304670|2018-2022|101|1395|291|1340|292|96.1|4|55|55|3.9|4|0|17||2.3|55|55|3.9|4|0|17||2.3|0|17||2.3|0|17||2.3|0|17||2.3|0|17||2.3|0|17||2.3|0|17||2.3
9700000US3304680|Mascoma Valley Regional School District, NH|3304680|2018-2022|101|1055|223|1045|222|99.1|1.1|10|11|0.9|1.1|4|2|0.4|1|4|10|0.4|1.5|0|19||3|4|5|0.4|0.4|4|2|0.4|1|0|19||3|0|19||3|0|19||3|0|19||3
9500000US3303276|Mason School District, NH|3303276|2018-2022|101|295|146|295|146|100|10.4|0|12||10.4|0|12||10.4|0|12||10.4|0|12||10.4|0|12||10.4|0|12||10.4|0|12||10.4|0|12||10.4|0|12||10.4|0|12||10.4
9700000US3304740|Merrimack School District, NH|3304740|2018-2022|101|4845|525|4680|521|96.6|3.3|165|162|3.4|3.3|4|3|0.1|0.2|10|18|0.2|0.4|4|3|0.1|0.2|140|156|2.9|3.2|0|22||0.7|15|21|0.3|0.4|0|22||0.7|0|22||0.7|0|22||0.7
9700000US3304760|Merrimack Valley School District, NH|3304760|2018-2022|101|2730|433|2620|439|96|3.7|110|101|4|3.7|55|70|2|2.6|40|71|1.5|2.6|0|19||1.2|15|17|0.5|0.7|0|19||1.2|0|19||1.2|0|19||1.2|55|70|2|2.6|55|70|2|2.6
9700000US3304770|Middleton School District, NH|3304770|2018-2022|101|225|87|215|86|95.6|8|4|10|1.8|4.4|0|12||13.4|0|12||13.4|0|12||13.4|0|12||13.4|0|12||13.4|4|10|1.8|4.4|0|12||13.4|0|12||13.4|0|12||13.4
9700000US3304830|Milford School District, NH|3304830|2018-2022|101|2760|475|2475|402|89.7|13.5|280|395|10.1|13.5|15|24|0.5|0.9|0|19||1.2|0|19||1.2|280|395|10.1|13.5|15|24|0.5|0.9|0|19||1.2|0|19||1.2|0|19||1.2|0|19||1.2
9700000US3300616|Milton School District, NH|3300616|2018-2022|101|780|160|735|170|94.2|9|40|71|5.1|9.4|0|12||4.1|0|12||4.1|0|12||4.1|0|12||4.1|0|12||4.1|15|25|1.9|3.2|0|12||4.1|30|48|3.8|6.1|0|12||4.1
9700000US3304890|Monadnock Regional School District, NH|3304890|2018-2022|101|1790|225|1790|225|100|1.8|0|19||1.8|0|19||1.8|0|19||1.8|0|19||1.8|0|19||1.8|0|19||1.8|0|19||1.8|0|19||1.8|0|19||1.8|0|19||1.8
9500000US3304950|Mont Vernon School District, NH|3304950|2018-2022|101|460|72|415|75|90.2|6.7|45|31|9.8|6.7|0|12||6.8|10|9|2.2|2.1|0|12||6.8|35|30|7.6|6.4|0|12||6.8|0|12||6.8|0|12||6.8|0|12||6.8|0|12||6.8
9700000US3304980|Nashua School District, NH|3304980|2018-2022|101|12580|769|9610|791|76.4|3.3|2970|421|23.6|3.3|630|256|5|2|1920|372|15.3|2.9|435|246|3.5|2|435|179|3.5|1.4|100|73|0.8|0.6|550|191|4.4|1.5|85|66|0.7|0.5|65|57|0.5|0.5|10|15|0.1|0.1
9500000US3305040|New Boston School District, NH|3305040|2018-2022|101|1285|224|1275|227|99.2|1.9|15|22|1.2|1.8|15|22|1.2|1.8|15|22|1.2|1.8|15|22|1.2|1.8|0|17||2.5|0|17||2.5|0|17||2.5|0|17||2.5|0|17||2.5|0|17||2.5
9500000US3305190|Newfields School District, NH|3305190|2018-2022|101|330|66|320|64|97|4.6|4|6|1.2|2.5|0|12||9.4|0|12||9.4|0|12||9.4|4|6|1.2|2.5|0|12||9.4|0|12||9.4|0|12||9.4|0|12||9.4|0|12||9.4
9700000US3305220|Newfound Area School District, NH|3305220|2018-2022|101|1485|207|1460|208|98.3|1.6|25|23|1.7|1.6|4|7|0.3|0.5|15|23|1|1.6|4|7|0.3|0.5|4|7|0.3|0.6|0|19||2.2|0|19||2.2|0|19||2.2|0|19||2.2|0|19||2.2
9700000US3305280|Newmarket School District, NH|3305280|2018-2022|101|1175|183|1135|192|96.6|4.3|35|50|3|4.5|0|17||2.7|0|17||2.7|0|17||2.7|35|50|3|4.5|0|17||2.7|0|17||2.7|0|17||2.7|0|17||2.7|0|17||2.7
9500000US3305430|Northwood School District, NH|3305430|2018-2022|101|485|110|485|110|100|6.5|0|12||6.5|0|12||6.5|0|12||6.5|0|12||6.5|0|12||6.5|0|12||6.5|0|12||6.5|0|12||6.5|0|12||6.5|0|12||6.5
9500000US3305460|Nottingham School District, NH|3305460|2018-2022|101|810|178|755|175|93.2|5|50|40|6.2|5.1|0|17||3.9|40|33|4.9|4|0|17||3.9|0|17||3.9|0|17||3.9|15|22|1.9|2.7|0|17||3.9|0|17||3.9|0|17||3.9
9700000US3305520|Oyster River Cooperative School District, NH|3305520|2018-2022|101|2535|355|2180|315|86|6.4|355|177|14|6.4|40|39|1.6|1.6|40|33|1.6|1.3|15|19|0.6|0.8|145|124|5.7|4.6|15|26|0.6|1.1|160|112|6.3|4.4|10|20|0.4|0.9|10|9|0.4|0.5|0|22||1.3
9700000US3305550|Pelham School District, NH|3305550|2018-2022|101|2720|380|2660|379|97.8|2.6|65|70|2.4|2.6|0|19||1.2|40|60|1.5|2.2|0|19||1.2|0|19||1.2|0|19||1.2|20|34|0.7|1.3|0|19||1.2|0|19||1.2|0|19||1.2
9700000US3305580|Pembroke School District, NH|3305580|2018-2022|101|1440|225|1440|225|100|2.2|0|17||2.2|0|17||2.2|0|17||2.2|0|17||2.2|0|17||2.2|0|17||2.2|0|17||2.2|0|17||2.2|0|17||2.2|0|17||2.2
9600000US3399965|Pemi-Baker Regional School District, NH|3399965|2018-2022|101|2585|312|2460|307|95.2|3.2|125|84|4.8|3.2|20|28|0.8|1.1|70|87|2.7|3.3|0|19||1.2|25|28|1|1.1|0|19||1.2|30|31|1.2|1.2|20|28|0.8|1.1|4|4|0.2|0.3|0|19||1.2
9700000US3305820|Portsmouth School District, NH|3305820|2018-2022|101|2605|388|2325|343|89.3|5.3|275|150|10.6|5.2|0|22||1.2|4|5|0.2|0.3|0|22||1.2|130|94|5|3.6|0|22||1.2|125|116|4.8|4.2|0|22||1.2|20|31|0.8|1.2|0|22||1.2
9600000US3305830|Profile School District, NH|3305830|2018-2022|101|545|130|520|128|95.4|4.9|25|27|4.6|4.9|10|12|1.8|2.3|10|13|1.8|2.4|10|12|1.8|2.3|15|23|2.8|4.1|0|12||5.8|0|12||5.8|0|12||5.8|0|12||5.8|0|12||5.8
9600000US3300049|Prospect Mountain High School Joint Maintenance Agreement District, NH|3300049|2018-2022|101|1680|301|1680|301|100|1.9|0|19||1.9|0|19||1.9|0|19||1.9|0|19||1.9|0|19||1.9|0|19||1.9|0|19||1.9|0|19||1.9|0|19||1.9|0|19||1.9
9700000US3305880|Raymond School District, NH|3305880|2018-2022|101|1590|252|1465|239|92.1|6.9|125|114|7.9|6.9|0|19||2|25|43|1.6|2.8|0|19||2|100|106|6.3|6.3|0|19||2|0|19||2|0|19||2|0|19||2|0|19||2
9700000US3305940|Rochester School District, NH|3305940|2018-2022|101|5130|481|5075|471|98.9|1.3|55|66|1.1|1.3|35|51|0.7|1|15|42|0.3|0.8|0|25||0.6|45|54|0.9|1|35|51|0.7|1|0|25||0.6|0|25||0.6|0|25||0.6|0|25||0.6
9500000US3305970|Rollinsford School District, NH|3305970|2018-2022|101|250|98|250|98|100|12.2|0|12||12.2|0|12||12.2|0|12||12.2|0|12||12.2|0|12||12.2|0|12||12.2|0|12||12.2|0|12||12.2|0|12||12.2|0|12||12.2
9500000US3306030|Rye School District, NH|3306030|2018-2022|101|755|218|715|213|94.7|6.3|40|49|5.3|6.3|0|17||4.2|20|28|2.6|3.8|0|17||4.2|0|17||4.2|0|17||4.2|0|17||4.2|0|17||4.2|20|38|2.6|5|0|17||4.2
9700000US3306060|Salem School District, NH|3306060|2018-2022|101|4080|489|3755|512|92|4.7|325|190|8|4.7|15|29|0.4|0.7|285|182|7|4.5|15|29|0.4|0.7|0|25||0.8|0|25||0.8|0|25||0.8|0|25||0.8|35|56|0.9|1.4|0|25||0.8
9700000US3306080|Sanborn Regional School District, NH|3306080|2018-2022|101|1575|294|1540|300|97.8|3.4|30|51|1.9|3.3|0|19||2|30|51|1.9|3.3|0|19||2|0|19||2|0|19||2|0|19||2|0|19||2|0|19||2|0|19||2
9500000US3306150|Seabrook School District, NH|3306150|2018-2022|101|965|276|965|276|100|3.3|4|4|0.4|1.1|0|17||3.3|0|17||3.3|0|17||3.3|4|4|0.4|1.1|0|17||3.3|0|17||3.3|0|17||3.3|0|17||3.3|0|17||3.3
9700000US3306180|Shaker Regional School District, NH|3306180|2018-2022|101|1725|329|1690|333|98|2.9|35|48|2|2.9|0|17||1.9|30|48|1.7|2.8|0|17||1.9|0|17||1.9|0|17||1.9|0|17||1.9|0|17||1.9|4|7|0.2|0.5|0|17||1.9
9700000US3306240|Somersworth School District, NH|3306240|2018-2022|101|1720|313|1670|311|97.1|3.5|50|59|2.9|3.5|50|59|2.9|3.5|25|42|1.5|2.5|25|42|1.5|2.5|0|19||1.9|0|19||1.9|0|19||1.9|0|19||1.9|25|38|1.5|2.2|25|38|1.5|2.2
9600000US3306260|Souhegan Cooperative School District, NH|3306260|2018-2022|101|2470|285|2335|285|94.5|2.8|135|70|5.5|2.8|45|47|1.8|1.9|65|52|2.6|2.1|45|47|1.8|1.9|70|46|2.8|1.8|0|19||1.3|0|19||1.3|0|19||1.3|0|19||1.3|0|19||1.3
9500000US3306270|South Hampton School District, NH|3306270|2018-2022|101|155|67|155|67|100|18.8|0|12||18.8|0|12||18.8|0|12||18.8|0|12||18.8|0|12||18.8|0|12||18.8|0|12||18.8|0|12||18.8|0|12||18.8|0|12||18.8
9500000US3306390|Stoddard School District, NH|3306390|2018-2022|101|195|85|190|84|97.4|3.2|4|5|2.1|2.9|4|5|2.1|2.9|0|12||15.3|0|12||15.3|4|5|2.1|2.9|4|5|2.1|2.9|0|12||15.3|0|12||15.3|0|12||15.3|0|12||15.3
9500000US3306420|Strafford School District, NH|3306420|2018-2022|101|625|128|625|128|100|5.1|0|12||5.1|0|12||5.1|0|12||5.1|0|12||5.1|0|12||5.1|0|12||5.1|0|12||5.1|0|12||5.1|0|12||5.1|0|12||5.1
9500000US3306480|Stratham School District, NH|3306480|2018-2022|101|1260|206|1220|204|96.8|3.5|40|44|3.2|3.5|0|17||2.5|25|30|2|2.3|0|17||2.5|0|17||2.5|0|17||2.5|15|31|1.2|2.5|0|17||2.5|0|17||2.5|0|17||2.5
9700000US3306720|Timberlane Regional School District, NH|3306720|2018-2022|101|3900|507|3840|511|98.5|1.3|55|49|1.4|1.3|20|30|0.5|0.8|40|40|1|1.1|20|30|0.5|0.8|0|22||0.8|0|22||0.8|15|25|0.4|0.7|0|22||0.8|0|22||0.8|0|22||0.8
9500000US3306930|Weare School District, NH|3306930|2018-2022|101|1825|374|1825|374|100|1.8|0|17||1.8|0|17||1.8|0|17||1.8|0|17||1.8|0|17||1.8|0|17||1.8|0|17||1.8|0|17||1.8|0|17||1.8|0|17||1.8
9500000US3307020|Westmoreland School District, NH|3307020|2018-2022|101|235|92|220|91|93.6|7.9|10|16|4.3|7.5|0|12||12.9|0|12||12.9|0|12||12.9|10|16|4.3|7.5|0|12||12.9|0|12||12.9|0|12||12.9|0|12||12.9|0|12||12.9
9700000US3307050|White Mountain Regional School District, NH|3307050|2018-2022|101|1240|144|1240|144|100|2.6|0|17||2.6|0|17||2.6|0|17||2.6|0|17||2.6|0|17||2.6|0|17||2.6|0|17||2.6|0|17||2.6|0|17||2.6|0|17||2.6
9700000US3307115|Wilton-Lyndeborough School District, NH|3307115|2018-2022|101|635|142|630|141|99.2|1.2|4|8|0.6|1.4|0|17||5|4|8|0.6|1.4|0|17||5|0|17||5|0|17||5|0|17||5|0|17||5|0|17||5|0|17||5
9500000US3307140|Winchester School District, NH|3307140|2018-2022|101|615|186|615|186|100|5.1|0|12||5.1|0|12||5.1|0|12||5.1|0|12||5.1|0|12||5.1|0|12||5.1|0|12||5.1|0|12||5.1|0|12||5.1|0|12||5.1
9700000US3307170|Windham School District, NH|3307170|2018-2022|101|3580|377|3380|375|94.4|4.9|200|180|5.6|4.9|0|19||0.9|0|19||0.9|0|19||0.9|175|174|4.9|4.8|0|19||0.9|25|49|0.7|1.3|0|19||0.9|0|19||0.9|0|19||0.9
9600000US3307230|Winnacunnet Cooperative School District, NH|3307230|2018-2022|101|4135|509|3855|476|93.2|4.2|280|182|6.8|4.2|0|25||0.8|170|127|4.1|3|0|25||0.8|100|125|2.4|2.9|0|25||0.8|10|15|0.2|0.4|0|25||0.8|0|25||0.8|0|25||0.8
9700000US3307300|Winnisquam Regional School District, NH|3307300|2018-2022|101|1735|294|1715|295|98.8|1.9|20|32|1.2|1.9|20|32|1.2|1.9|0|19||1.9|0|19||1.9|20|32|1.2|1.9|20|32|1.2|1.9|0|19||1.9|0|19||1.9|0|19||1.9|0|19||1.9
